-515.3753 -515.1747
-515.7644 -515.7843
-515.5511 -515.5855
-515.5420 -515.5689
-515.3812 -515.3310
-515.6539 -515.6048
-515.3002 -515.2537
-515.0171 -515.0490
-515.3037 -515.3741
-515.4276 -515.4251
-514.8767 -514.9123
-515.0710 -515.1466
-514.9616 -515.0370
-515.3680 -515.4240
-515.4129 -515.4963
-514.9035 -514.8563
-515.4429 -515.2389
-515.0470 -515.0662
-515.4961 -515.3834
-514.9141 -514.9185
-515.1018 -515.1979
-515.3520 -515.2716
-515.3883 -515.3723
-515.3846 -515.3711
-515.0803 -515.0693
-514.9242 -514.9950
-515.0385 -515.0259
-515.3921 -515.3683
-515.1832 -515.2046
-515.4873 -515.5499
-515.5763 -515.5513
-514.8700 -514.8722
-515.2068 -515.2169
-515.0403 -515.0304
-514.5428 -514.4619
-515.0328 -515.0331
-515.5301 -515.5377
-514.8001 -514.8195
-515.1698 -515.2496
-514.9208 -514.8649
-515.1394 -515.2963
-515.2795 -515.2523
-515.2473 -515.2361
-515.2308 -515.2948
-514.9828 -514.9405
-514.8727 -514.9035
-514.8850 -514.8443
-515.3250 -515.3440
-515.8734 -516.0186
-515.6698 -515.7973
-515.4466 -515.3425
-515.4026 -515.4283
-515.5712 -515.6030
-515.5423 -515.4906
-515.3572 -515.3781
-515.3715 -515.3464
-515.0428 -515.0144
-515.2799 -515.2540
-515.2240 -515.2677
-514.8955 -514.8819
-515.0529 -515.1040
-515.6174 -515.6333
-515.2269 -515.3257
-515.1222 -515.1460
-515.1878 -515.1947
-515.4909 -515.4294
-515.1663 -515.1420
-515.1512 -515.1648
-515.1863 -515.1419
-515.4171 -515.3659
-515.4942 -515.5569
-515.3991 -515.4171
-515.3813 -515.4108
-515.0351 -515.0326
-515.1983 -515.2694
-515.1591 -515.2057
-515.2332 -515.2204
-515.1520 -515.0922
-515.1700 -515.1411
-515.5542 -515.5976
-515.0553 -514.9830
-514.9829 -514.9442
-514.7851 -514.7952
-515.1014 -515.1640
-515.6254 -515.6731
-515.2414 -515.1925
-515.4158 -515.4013
-515.1314 -515.1099
-515.3824 -515.3096
-515.3187 -515.3079
-515.0656 -515.0812
-514.7245 -514.7415
-514.9979 -515.0565
-515.1597 -515.1527
-515.2280 -515.1882
-515.0558 -515.0734
-515.3976 -515.2454
-515.1459 -515.0873
-515.5750 -515.5391
-515.4496 -515.4410
