-516.0488 -516.0631
-516.0488 -516.0762
-515.9498 -515.6675
-515.9498 -515.6702
-515.9498 -515.7304
-515.9498 -515.7049
-516.0703 -516.1522
-516.0282 -515.9209
-516.0282 -515.9856
-516.0115 -516.0820
-516.0703 -516.1283
-516.0488 -516.0536
-516.0282 -515.9479
-516.0488 -516.0838
-516.0282 -515.9812
-515.9909 -515.8773
-515.3838 -515.1747
-516.0233 -515.9436
-516.1008 -515.9491
-516.0429 -515.8373
-516.0253 -515.9488
-516.0253 -515.9747
-515.9983 -515.8708
-516.0095 -515.9620
-516.0429 -515.8961
-516.0027 -515.9699
-516.1223 -516.0539
-516.0448 -516.0657
-516.0429 -515.9410
-516.0027 -515.9870
-515.9983 -515.8980
-516.0095 -515.8866
-516.0224 -515.9303
-516.0021 -515.8024
-515.9974 -515.8264
-516.0636 -516.1389
-516.0253 -515.9428
-515.9844 -515.9361
-515.9844 -515.9982
-516.0431 -516.0390
-516.0243 -515.9801
-516.0243 -515.9892
-516.0243 -515.9568
-516.1439 -516.1561
-515.9890 -515.8364
-515.9890 -515.8633
-515.9919 -516.0390
-516.0431 -515.9512
-516.0367 -515.9701
-516.0243 -516.0553
-516.0851 -516.1543
-516.0431 -515.9906
-516.0047 -516.0314
-516.1439 -516.1937
-516.0095 -516.0038
-516.0198 -515.9496
-516.0095 -516.0593
-516.0226 -515.7945
-516.0635 -516.0329
-516.0310 -515.9341
-515.9890 -515.8867
-516.0243 -516.0135
-516.0840 -516.0733
-516.0506 -516.1274
-516.0622 -516.0196
-516.0047 -515.9183
-515.9844 -515.9577
-516.0431 -515.9798
-516.0078 -515.9033
-516.0367 -516.0044
-516.0431 -515.9864
-516.0224 -515.9838
-516.0635 -516.0833
-516.0198 -515.9754
-516.1438 -516.1484
-516.0224 -516.0205
-516.0421 -516.1324
-515.9890 -515.9531
-516.0622 -516.0695
-516.0276 -516.1153
-516.0088 -515.8431
-516.0851 -516.1321
-516.0479 -516.1069
-516.0646 -516.0518
-516.0059 -516.0678
-516.1439 -516.1547
-516.0243 -515.9814
-516.0243 -516.0611
-516.0243 -516.0619
-516.1439 -516.2045
-516.0851 -516.2042
-516.0243 -516.1396
-516.0226 -515.9622
-516.1233 -516.0819
-516.0243 -516.0976
-516.0582 -515.9940
-515.9995 -516.0070
-516.1233 -516.1503
-516.0646 -516.0925
-516.0629 -516.1298
-516.2241 -516.1593
-516.0301 -515.9456
-515.9846 -515.9450
-515.9846 -515.9458
-516.0301 -515.9599
-516.2241 -516.2334
-516.0017 -516.0166
-515.9846 -516.0498
-516.0506 -516.1256
-516.0284 -515.8573
-515.9846 -516.0545
-516.1170 -516.0644
-516.0017 -516.0572
-516.1233 -516.0850
-516.0635 -516.1121
-516.2241 -516.3055
-516.0837 -516.0850
-515.9883 -515.8966
-515.9873 -515.9405
-516.1170 -516.1040
-516.1030 -516.1065
-516.2011 -516.2696
-515.7568 -515.7843
-516.0188 -516.1162
-515.5665 -515.5855
-516.0403 -516.1324
-515.9983 -516.0160
-515.5591 -515.5689
-515.9983 -516.0288
-516.0403 -516.2211
-515.9983 -516.0243
-515.9983 -516.0600
-515.9983 -516.0938
-515.9983 -516.0938
-515.9983 -516.0835
-516.0181 -516.1397
-515.9983 -516.0516
-516.0181 -516.1286
-515.9983 -516.0745
-516.0815 -516.1992
-515.3506 -515.3310
-515.6114 -515.6048
-515.9890 -515.9229
-515.9890 -515.9609
-515.9899 -515.8892
-515.9899 -515.8994
-516.0095 -515.9530
-515.9918 -516.0606
-515.9846 -516.0119
-515.9846 -516.0199
-515.9846 -516.0572
-515.9846 -516.0597
-515.1971 -515.2537
-515.9890 -515.9736
-515.9890 -515.9550
-515.9890 -516.0019
-515.9873 -515.9339
-516.0095 -516.1312
-515.9890 -515.9447
-516.0095 -516.1122
-515.9873 -515.9757
-515.9890 -515.9763
-515.9873 -516.0588
-516.0284 -515.9379
-516.0301 -516.0617
-516.0310 -516.0197
-516.0301 -516.0755
-516.0506 -516.2351
-516.0078 -515.9316
-514.9619 -515.0490
-515.2988 -515.3741
-515.3904 -515.4251
-514.8277 -514.9123
-515.0761 -515.1466
-514.9372 -515.0370
-515.3070 -515.4240
-515.3711 -515.4963
-514.8707 -514.8563
-515.4467 -515.2389
-515.0299 -515.0662
-515.4191 -515.3834
-514.8723 -514.9185
-515.0526 -515.1979
-515.2157 -515.2716
-515.3581 -515.3723
-515.3189 -515.3711
-515.0179 -515.0693
-514.8912 -514.9950
-515.0430 -515.0259
-515.3619 -515.3683
-515.1163 -515.2046
-515.3313 -515.5499
-515.5677 -515.5513
-514.7517 -514.8722
-515.1726 -515.2169
-515.0252 -515.0304
-514.5159 -514.4619
-515.0368 -515.0331
-515.4726 -515.5377
-514.8009 -514.8195
-515.1155 -515.2496
-514.8706 -514.8649
-515.1109 -515.2963
-515.2275 -515.2523
-515.2340 -515.2361
-515.2389 -515.2948
-514.9908 -514.9405
-514.8032 -514.9035
-514.8450 -514.8443
-515.3063 -515.3440
-516.0665 -515.9529
-516.0087 -515.7740
-516.0087 -515.8339
-516.0087 -515.8718
-516.0087 -515.9037
-516.0880 -516.0111
-516.0105 -516.0425
-516.0087 -515.9463
-516.0665 -516.0432
-516.0077 -515.9600
-516.0283 -516.0049
-515.9949 -516.1021
-516.0065 -516.0094
-515.9874 -515.9109
-515.9874 -515.9535
-516.0077 -515.9700
-516.0880 -516.0974
-516.0065 -516.0309
-516.0305 -516.0857
-516.0091 -515.9299
-516.0091 -516.0856
-515.9914 -515.9452
-515.9914 -516.0482
-516.0502 -516.0592
-516.0305 -516.0280
-516.0148 -515.8938
-516.0893 -516.1105
-515.9945 -515.8561
-516.0456 -515.9076
-516.1492 -516.0866
-516.0521 -515.9212
-515.9905 -515.9365
-516.0716 -516.1036
-516.0904 -516.0741
-516.0129 -515.9033
-515.9972 -515.8847
-515.9955 -516.0346
-515.9814 -515.9127
-516.0438 -516.1439
-516.0559 -516.0882
-516.0485 -516.1528
-516.0151 -515.9711
-516.0151 -515.8102
-516.0085 -516.0285
-516.0672 -516.0656
-516.0013 -515.8220
-516.0671 -515.9737
-516.0091 -516.0096
-516.0474 -516.0848
-515.9943 -516.1078
-516.0747 -516.2094
-515.9943 -515.9579
-515.9943 -516.1150
-516.0363 -515.9861
-516.0270 -515.8276
-516.0081 -516.0378
-516.0678 -516.1738
-516.0411 -516.1643
-516.0027 -516.0833
-516.0689 -516.1177
-516.1277 -516.1826
-516.0081 -516.0965
-516.0081 -516.1080
-516.0064 -516.1030
-516.0148 -516.0201
-516.0697 -516.1297
-516.0678 -516.2227
-515.9936 -515.8988
-516.0456 -515.9924
-516.1482 -516.2405
-516.0287 -516.0578
-516.0287 -516.1539
-516.0287 -516.1331
-516.0081 -516.0235
-516.0307 -515.9058
-516.1110 -516.2096
-516.1277 -516.1402
-516.0689 -516.1380
-516.0081 -516.0853
-515.9898 -515.9891
-515.9905 -516.0129
-516.0485 -516.1681
-516.1550 -516.2239
-515.9963 -516.0610
-516.0354 -516.0492
-516.0354 -516.1597
-516.0354 -516.0697
-516.0962 -516.1937
-516.1550 -516.2269
-516.0962 -516.2033
-516.0354 -516.1196
-516.0337 -516.1255
-516.0327 -515.8606
-515.9889 -516.0829
-516.2079 -516.1890
-516.0364 -515.9519
-516.0038 -516.0354
-516.0492 -516.0404
-516.1089 -516.2077
-516.0064 -516.0755
-515.8807 -516.0186
-516.0096 -516.0115
-516.0485 -515.9964
-516.1492 -516.1586
-515.6950 -515.7973
-516.0904 -516.1496
-516.0296 -516.1012
-515.9898 -516.0434
-515.9905 -516.0236
-516.0327 -516.0872
-516.1213 -516.1767
-516.0626 -516.1652
-516.0018 -516.1600
-516.0252 -516.0435
-516.0018 -516.1111
-516.2079 -516.2453
-516.0252 -516.0302
-516.1492 -516.1884
-516.0064 -516.1185
-516.1474 -516.2175
-516.0337 -516.1599
-515.9936 -515.9052
-516.0020 -516.0461
-515.4471 -515.3425
-516.0738 -516.0024
-515.9936 -515.8987
-516.0738 -516.0341
-516.0302 -516.0117
-516.0302 -516.0401
-516.0188 -515.9471
-516.0252 -515.9575
-516.1259 -516.1672
-516.0252 -515.9416
-516.0188 -515.9211
-516.0188 -515.9532
-516.0048 -515.9386
-516.0048 -515.9043
-516.0025 -515.9922
-516.1221 -516.1823
-516.0025 -515.9610
-516.0025 -515.9870
-516.0240 -516.0845
-516.0436 -515.9152
-516.0644 -516.1428
-516.0196 -516.0733
-516.0103 -516.0183
-516.1015 -516.0812
-516.1015 -516.0827
-516.0231 -515.9867
-516.0214 -516.1028
-516.0044 -515.9622
-516.0428 -515.9343
-516.0428 -516.0000
-516.0025 -516.0272
-516.1221 -516.1926
-516.0025 -515.9789
-516.0025 -516.0195
-516.0848 -516.1571
-516.0223 -515.9941
-516.1015 -516.0733
-515.9880 -515.7260
-516.0025 -515.8970
-516.0428 -515.9971
-516.1436 -516.2011
-516.0112 -515.9858
-516.0364 -516.0532
-516.0428 -516.0590
-516.0044 -516.1036
-516.0025 -515.8996
-516.1015 -516.0914
-516.0112 -515.9004
-516.0661 -515.9715
-515.9991 -515.8863
-516.0328 -515.7832
-516.0223 -515.9240
-516.0240 -516.0764
-516.1015 -516.0763
-516.0240 -516.0699
-516.0240 -516.1000
-516.1436 -516.2694
-516.1015 -516.0886
-516.0643 -515.8541
-516.0643 -515.9965
-516.0056 -516.0299
-516.0579 -516.0023
-516.1015 -516.1100
-516.1015 -516.1125
-516.0579 -516.1061
-516.1015 -516.1346
-516.1015 -516.1056
-516.0018 -516.0102
-516.1213 -516.1659
-516.0047 -515.8497
-515.9990 -515.9562
-516.0231 -516.0139
-516.0835 -516.1824
-515.9990 -515.9714
-516.0436 -516.0348
-516.0103 -516.1135
-516.0835 -516.1475
-516.0644 -516.0804
-516.0214 -516.0769
-516.1015 -516.0875
-516.0231 -516.0266
-515.9990 -515.9534
-516.1213 -516.1421
-516.0579 -516.0213
-516.1015 -516.1011
-516.0018 -516.0452
-515.9973 -515.9283
-516.1847 -516.2160
-516.0060 -515.9204
-515.9994 -515.9408
-516.0223 -515.9368
-516.0223 -515.9677
-516.0122 -515.8282
-516.0044 -515.9768
-516.0364 -516.0518
-516.0428 -515.9825
-516.0643 -516.0299
-516.0271 -516.1065
-516.0643 -515.9369
-515.3662 -515.4283
-515.5553 -515.6030
-516.0044 -516.0175
-516.0428 -516.1209
-515.9992 -515.9964
-516.0044 -515.9771
-516.0044 -516.1384
-516.0411 -516.1857
-516.0055 -516.0902
-515.9992 -516.0606
-516.0643 -516.1566
-516.0259 -516.0159
-516.0063 -516.1005
-516.0044 -516.1783
-515.9992 -515.9184
-516.0411 -516.1205
-516.0364 -516.0426
-515.9992 -515.9838
-516.0364 -516.1080
-516.0428 -515.9920
-516.0055 -515.9742
-516.0411 -516.1264
-516.0579 -516.0424
-515.9992 -516.0185
-516.0364 -516.1199
-516.0643 -516.0401
-516.0055 -516.0252
-516.0035 -515.9448
-516.0035 -515.9961
-516.0044 -515.8753
-516.0044 -515.9000
-516.0240 -516.0231
-516.0063 -516.1115
-516.1436 -516.2723
-516.0240 -516.0751
-516.0240 -516.1610
-516.0240 -516.1510
-516.0259 -516.0746
-516.0579 -516.0370
-516.0643 -516.0810
-516.0047 -515.9222
-516.1063 -516.2340
-516.0207 -515.9634
-516.0270 -516.0562
-516.1230 -516.1680
-516.0643 -516.1536
-516.0035 -516.1037
-516.0579 -516.1081
-516.0643 -516.0488
-516.0207 -516.0389
-516.0626 -516.1397
-516.0438 -516.1516
-516.1445 -516.1707
-516.0455 -516.1663
-516.0858 -516.1348
-516.0270 -516.1151
-516.1213 -516.1887
-516.0626 -516.1595
-516.0018 -516.1518
-516.0233 -516.0178
-516.0579 -516.1249
-516.1445 -516.2219
-516.0841 -516.0798
-516.0841 -516.1219
-516.0626 -516.1271
-516.0841 -516.1749
-516.0279 -516.0537
-516.0438 -515.9893
-516.0018 -515.9765
-516.0018 -515.9696
-516.1213 -516.1395
-516.0579 -516.0753
-516.1063 -516.2295
-516.0056 -516.0917
-516.0270 -515.9892
-516.0478 -516.0959
-516.0207 -515.9507
-516.0643 -515.9402
-516.0429 -516.0133
-516.0412 -515.9572
-516.0018 -515.9552
-516.0429 -516.0413
-516.0188 -516.0153
-515.9978 -515.9643
-516.0462 -516.1464
-515.9851 -515.9772
-516.0859 -516.1859
-516.0042 -515.9741
-515.9851 -515.9526
-515.9851 -515.9561
-516.0478 -516.0509
-515.5327 -515.4906
-515.4023 -515.3781
-516.0018 -515.9975
-516.0035 -516.0311
-516.0018 -516.0896
-516.0064 -516.1343
-516.0429 -515.9928
-516.0446 -516.1355
-516.0446 -516.1465
-516.0018 -516.0101
-516.0018 -515.9756
-516.0240 -516.1484
-516.0035 -515.9781
-516.0240 -516.1357
-516.0035 -515.9535
-516.0651 -516.2784
-516.0747 -516.0888
-515.9963 -515.8014
-516.0327 -516.0538
-516.0327 -516.0391
-515.9956 -516.0468
-516.0600 -516.1207
-516.0600 -516.1548
-515.9934 -515.9474
-516.1335 -516.1965
-516.0263 -516.1383
-516.0263 -516.1327
-516.0542 -516.0056
-516.1129 -516.1186
-516.1129 -516.0919
-516.0478 -515.9942
-516.1129 -516.1610
-516.1112 -516.0977
-516.0158 -515.9114
-516.1335 -516.1984
-515.3436 -515.3464
-516.0131 -516.0468
-515.9953 -515.9055
-515.9953 -515.9319
-515.9972 -516.0510
-516.0148 -516.0219
-516.0148 -516.0397
-516.0344 -516.0596
-516.0474 -515.9804
-516.0103 -516.0896
-516.1062 -516.1642
-516.0411 -516.0769
-516.0037 -516.0379
-516.1062 -516.1750
-516.0626 -516.0796
-516.1062 -516.1970
-516.1260 -516.1351
-516.1062 -516.1821
-516.0066 -516.0252
-516.0998 -516.2052
-516.0131 -516.0767
-516.0998 -516.2505
-516.0092 -515.7172
-515.9944 -515.9586
-516.0149 -515.8220
-516.0038 -515.8678
-516.0278 -516.0317
-516.0485 -516.0376
-515.9898 -515.9979
-516.0081 -516.0096
-515.0382 -515.0144
-515.9880 -515.8670
-516.0038 -515.7883
-516.0206 -515.8712
-515.9880 -515.9467
-515.9944 -515.9615
-516.1864 -516.2221
-516.0839 -516.0872
-516.0065 -516.1141
-516.0020 -516.0051
-516.0188 -516.0159
-516.0048 -515.9618
-516.0344 -516.0813
-515.2909 -515.2540
-516.0701 -516.1229
-516.0281 -516.0767
-516.0281 -516.0690
-515.2323 -515.2677
-514.8834 -514.8819
-515.0929 -515.1040
-516.0701 -516.0803
-516.0328 -516.0200
-516.0281 -516.0718
-516.0281 -516.0564
-516.0701 -516.1051
-515.9908 -515.8525
-515.9844 -515.9201
-516.0478 -516.0634
-516.0701 -516.1480
-516.0263 -516.1364
-516.0263 -516.1135
-516.0495 -516.0836
-516.0495 -515.9676
-516.0478 -516.0027
-516.0478 -516.0749
-516.0478 -516.0589
-516.0701 -516.1480
-515.9908 -515.8776
-515.9908 -515.8836
-516.0495 -515.9280
-516.0281 -516.0662
-516.0281 -516.0186
-516.0281 -516.0321
-515.9908 -515.8213
-516.0281 -516.0417
-516.0281 -516.0697
-516.0495 -515.8992
-516.0281 -516.0567
-516.0113 -516.0223
-515.5889 -515.6333
-515.2859 -515.3257
-516.0848 -516.1454
-515.1353 -515.1460
-516.0998 -516.2141
-516.0364 -516.1455
-515.1693 -515.1947
-515.9851 -515.9704
-516.1230 -516.0661
-516.0035 -515.9917
-516.0643 -516.0388
-515.9851 -516.0404
-516.0438 -516.0783
-515.9990 -516.0308
-515.9897 -515.9734
-516.1015 -516.1413
-516.1015 -516.1306
-516.0231 -516.0097
-515.4390 -515.4294
-516.0428 -515.9722
-516.0055 -515.9453
-516.0428 -516.0078
-516.0848 -516.1451
-516.0055 -515.9320
-515.9992 -515.9466
-516.0428 -516.1057
-516.0411 -516.0559
-516.0643 -516.0475
-516.0626 -516.0404
-515.9992 -516.0316
-516.0626 -516.0778
-516.0428 -516.1210
-515.2112 -515.1420
-516.0364 -516.0534
-515.9992 -515.9789
-516.0364 -516.1397
-516.0364 -516.1782
-515.9992 -515.9861
-516.0364 -516.0400
-516.0998 -516.1806
-516.0364 -516.1167
-516.0056 -516.0945
-515.9851 -515.9901
-516.1015 -516.1738
-516.1015 -516.1633
-516.0643 -516.0654
-516.0643 -516.0253
-516.1213 -516.1070
-516.0579 -516.0603
-516.0207 -515.9413
-516.1015 -516.1647
-516.1015 -516.1712
-516.1230 -516.0626
-516.0579 -516.0566
-516.0035 -515.9725
-516.0643 -516.0054
-516.0042 -515.9809
-516.1230 -516.1545
-516.0205 -516.0248
-516.0205 -515.9543
-516.0035 -516.0246
-516.0643 -516.0991
-516.1230 -516.1401
-516.1015 -516.1185
-516.1015 -516.1317
-516.0579 -516.0444
-516.1015 -516.1171
-516.1015 -516.1125
-516.0629 -516.0565
-515.9990 -516.0032
-516.0035 -516.0511
-516.0629 -516.0492
-515.9973 -515.8965
-516.0035 -515.9742
-516.0231 -516.1136
-516.0270 -516.0900
-515.2025 -515.1648
-516.0061 -516.0070
-515.2254 -515.1419
-516.0247 -516.0515
-516.0033 -516.0400
-516.0835 -516.0803
-516.0835 -516.1018
-515.4586 -515.3659
-515.5368 -515.5569
-515.4006 -515.4171
-515.3659 -515.4108
-515.9978 -515.9225
-516.0042 -515.9440
-516.0247 -516.0732
-515.0414 -515.0326
-515.2362 -515.2694
-515.2198 -515.2057
-515.2561 -515.2204
-516.0196 -515.9993
-515.9990 -515.8966
-515.9990 -515.8994
-515.9990 -515.9530
-515.1691 -515.0922
-516.0103 -516.0470
-515.1965 -515.1411
-515.5435 -515.5976
-515.1145 -514.9830
-515.0061 -514.9442
-514.8032 -514.7952
-515.1062 -515.1640
-515.6486 -515.6731
-516.0042 -515.8835
-516.0042 -515.9737
-516.0629 -516.0417
-516.0629 -516.0317
-515.2917 -515.1925
-515.3666 -515.4013
-515.1429 -515.1099
-515.4093 -515.3096
-515.3810 -515.3079
-515.0986 -515.0812
-514.7951 -514.7415
-515.0199 -515.0565
-515.2296 -515.1527
-515.2622 -515.1882
-515.0587 -515.0734
-515.4129 -515.2454
-515.1917 -515.0873
-515.6043 -515.5391
-516.0205 -515.8973
-515.9990 -515.9669
-515.4673 -515.4410
-516.0201 -516.0757
-515.9995 -515.8997
-515.9995 -515.9673
-516.0479 -516.1419
-516.0059 -516.0272
-515.9995 -515.9630
-516.1067 -516.2252
-516.0059 -516.0270
-516.0478 -516.0663
-516.0059 -516.0145
-515.9986 -516.0857
-515.9986 -516.0977
-515.9986 -516.0915
-515.9986 -516.0818
-516.0646 -516.0655
-516.0646 -516.0723
-516.0852 -516.1919
-516.0646 -516.0913
-515.9995 -515.9343
-516.0059 -515.9876
-516.0852 -516.2039
-516.0646 -516.0857
-515.9995 -515.8759
-516.0596 -515.8989
-516.0225 -516.0369
-515.9804 -515.8696
-516.0812 -516.0635
-515.9804 -515.8406
-515.9804 -515.8453
-516.0008 -515.9066
-516.0811 -515.9571
-515.9999 -515.8739
-516.0596 -516.0183
-516.0597 -516.1057
-516.0010 -516.0925
-515.9804 -515.8906
-516.0392 -516.0002
-515.9804 -515.9361
-516.1399 -516.1224
-516.0392 -515.8941
-516.0328 -515.8737
-516.0328 -515.9947
-516.0392 -515.9922
-516.1399 -516.2142
-516.0392 -515.9902
-515.9804 -515.9290
-516.0328 -515.9363
-516.0328 -515.9558
-516.1032 -516.0936
-516.0257 -515.9520
-516.0052 -516.0319
-516.0453 -515.9714
-516.0007 -515.9884
-516.0248 -516.0031
-516.0052 -516.0737
-516.0876 -516.1740
-516.0007 -515.9771
-516.0120 -516.0438
-515.9868 -515.9692
-515.9804 -515.9559
-516.1247 -516.0098
-516.0248 -516.0139
-516.0455 -516.0489
-516.0072 -516.0785
-516.1463 -516.2579
-516.0392 -516.0412
-515.9914 -515.9686
-516.0276 -516.0344
-516.1032 -516.1210
-516.0257 -515.9963
-516.0660 -516.1116
-516.0007 -516.0155
-516.1247 -516.1545
-516.0660 -516.1126
-516.0007 -516.0067
-516.0661 -516.1770
-516.0453 -516.1705
-516.0864 -516.2768
-516.1667 -516.3104
-516.0453 -516.1706
-516.0248 -516.0081
-516.0257 -515.9312
-516.0257 -515.9483
-516.0276 -516.1135
-516.0875 -516.1064
-515.9868 -515.9968
-515.9868 -516.0234
-516.0811 -516.0450
-515.9804 -515.9696
-516.1247 -516.0347
-515.9804 -515.8980
-516.0455 -516.0425
-516.0455 -516.0666
-515.9804 -515.9016
-515.9868 -516.0072
-516.0008 -516.0277
-516.2471 -516.4732
-516.0009 -515.9834
-516.0802 -516.1704
-515.9945 -515.8819
-516.0009 -515.9762
-516.0596 -516.0348
-516.0224 -515.9336
-516.0381 -516.0578
-515.9945 -515.9069
-516.0381 -516.0681
-516.1238 -516.1896
-516.1032 -516.1225
-516.1238 -516.2041
-516.0381 -516.0317
-516.0445 -516.0165
-516.0061 -515.9447
-516.0381 -516.1193
-516.0445 -516.0315
-516.0381 -516.1134
-516.1032 -516.1192
-516.0445 -516.0442
-516.1032 -516.1176
-516.0009 -515.9751
-515.9945 -516.0179
-516.0596 -516.0519
-516.0007 -516.0224
-516.1032 -516.1250
-516.0660 -515.9629
-516.0596 -516.0239
-516.0660 -515.9861
-516.0061 -515.9777
-516.0072 -515.9438
-516.0080 -515.9651
-516.0072 -515.9307
-516.1238 -516.2176
-516.0445 -516.0327
-516.0381 -516.0282
-516.0061 -515.9442
-516.0009 -515.9470
-516.0009 -515.9764
-516.0009 -515.9909
-516.0381 -516.0116
-516.0061 -515.9762
-516.1238 -516.2290
-516.0802 -516.1679
-515.9945 -515.9683
-516.0080 -515.9688
-516.0287 -516.0507
-516.0224 -515.9289
-516.1294 -516.1539
