-515.9844 -515.9608
-516.0439 -516.0631
-516.0439 -516.0762
-515.9366 -515.6675
-515.9366 -515.6702
-515.9366 -515.7304
-515.9366 -515.7049
-516.0673 -516.1522
-516.0333 -515.9209
-516.0333 -515.9856
-516.0078 -516.0820
-516.0673 -516.1283
-516.0439 -516.0536
-516.0333 -515.9479
-516.0439 -516.0838
-516.0333 -515.9812
-515.9769 -515.8773
-515.3898 -515.1747
-515.9768 -515.7912
-516.0194 -515.9436
-516.1033 -515.9491
-516.0363 -515.8373
-516.0170 -515.9488
-516.0170 -515.9747
-516.0026 -515.8708
-516.0053 -515.9620
-516.0363 -515.8961
-516.0088 -515.9699
-516.1268 -516.0539
-516.0429 -516.0657
-516.0363 -515.9410
-516.0088 -515.9870
-516.0026 -515.8980
-516.0053 -515.8866
-516.0256 -515.9303
-515.9868 -515.8024
-515.9849 -515.8264
-516.0582 -516.1389
-516.0170 -515.9428
-515.9880 -515.9361
-515.9880 -515.9982
-516.0476 -516.0390
-515.9895 -516.0222
-516.0232 -515.9801
-515.9805 -515.9632
-516.0232 -515.9892
-516.0232 -515.9568
-516.1411 -516.1561
-515.9946 -515.8364
-515.9946 -515.8633
-515.9860 -516.0390
-516.0476 -515.9512
-516.0389 -515.9701
-516.0232 -516.0553
-516.0816 -516.1543
-516.0476 -515.9906
-516.0064 -516.0314
-516.1411 -516.1937
-516.0053 -516.0038
-516.0260 -515.9496
-516.0053 -516.0593
-516.0164 -515.7945
-516.0659 -516.0329
-516.0287 -515.9341
-515.9946 -515.8867
-516.0232 -516.0135
-516.0765 -516.0733
-516.0455 -516.1274
-516.0684 -516.0196
-515.9845 -516.0090
-516.0064 -515.9183
-515.9880 -515.9577
-516.0476 -515.9798
-515.9984 -515.9033
-516.0389 -516.0044
-516.0476 -515.9864
-516.0256 -515.9838
-516.0659 -516.0833
-516.0260 -515.9754
-516.1502 -516.1484
-516.0256 -516.0205
-516.0422 -516.1324
-515.9946 -515.9531
-516.0684 -516.0695
-516.0311 -516.1153
-516.0012 -515.8431
-516.0816 -516.1321
-516.0455 -516.1069
-516.0710 -516.0518
-516.0115 -516.0678
-515.9803 -515.9459
-516.1411 -516.1547
-515.9805 -516.0100
-516.0232 -515.9814
-516.0232 -516.0611
-516.0232 -516.0619
-516.1411 -516.2045
-516.0816 -516.2042
-516.0232 -516.1396
-516.0164 -515.9622
-516.1305 -516.0819
-516.0232 -516.0976
-516.0623 -515.9940
-516.0028 -516.0070
-516.1305 -516.1503
-516.0710 -516.0925
-516.0642 -516.1298
-516.2241 -516.1593
-516.0349 -515.9456
-515.9835 -515.9450
-515.9835 -515.9458
-516.0349 -515.9599
-516.2241 -516.2334
-516.0017 -516.0166
-515.9835 -516.0498
-516.0455 -516.1256
-516.0281 -515.8573
-515.9835 -516.0545
-516.1219 -516.0644
-516.0017 -516.0572
-516.1305 -516.0850
-516.0659 -516.1121
-516.2241 -516.3055
-516.0918 -516.0850
-515.9906 -515.8966
-515.9878 -515.9405
-516.1219 -516.1040
-516.1039 -516.1065
-516.2097 -516.2696
-515.7554 -515.7843
-516.0132 -516.1162
-515.5663 -515.5855
-516.0366 -516.1324
-516.0026 -516.0160
-515.9816 -516.0956
-515.5586 -515.5689
-515.9816 -515.8619
-516.0026 -516.0288
-516.0366 -516.2211
-516.0026 -516.0243
-516.0026 -516.0600
-516.0026 -516.0938
-516.0026 -516.0938
-516.0026 -516.0835
-516.0192 -516.1397
-516.0026 -516.0516
-516.0192 -516.1286
-516.0026 -516.0745
-516.0805 -516.1992
-515.9816 -516.1360
-515.3470 -515.3310
-515.6026 -515.6048
-515.9946 -515.9229
-515.9946 -515.9609
-515.9884 -515.8892
-515.9884 -515.8994
-516.0053 -515.9530
-515.9951 -516.0606
-515.9835 -516.0119
-515.9835 -516.0199
-515.9835 -516.0572
-515.9835 -516.0597
-515.1892 -515.2537
-515.9946 -515.9736
-515.9946 -515.9550
-515.9946 -516.0019
-515.9878 -515.9339
-516.0053 -516.1312
-515.9946 -515.9447
-516.0053 -516.1122
-515.9878 -515.9757
-515.9946 -515.9763
-515.9878 -516.0588
-516.0281 -515.9379
-516.0349 -516.0617
-516.0287 -516.0197
-516.0349 -516.0755
-516.0455 -516.2351
-515.9984 -515.9316
-514.9632 -515.0490
-515.2940 -515.3741
-515.3917 -515.4251
-514.8371 -514.9123
-515.0783 -515.1466
-514.9411 -515.0370
-515.3146 -515.4240
-515.3742 -515.4963
-514.8691 -514.8563
-515.4492 -515.2389
-515.0352 -515.0662
-515.4116 -515.3834
-514.8736 -514.9185
-515.0521 -515.1979
-515.2122 -515.2716
-515.3615 -515.3723
-515.3197 -515.3711
-515.0026 -515.0693
-514.8913 -514.9950
-515.0395 -515.0259
-515.3505 -515.3683
-515.1100 -515.2046
-515.3332 -515.5499
-515.5675 -515.5513
-514.7511 -514.8722
-515.1751 -515.2169
-515.0302 -515.0304
-514.5137 -514.4619
-515.0401 -515.0331
-515.4772 -515.5377
-514.8030 -514.8195
-515.1160 -515.2496
-514.8707 -514.8649
-515.1164 -515.2963
-515.2271 -515.2523
-515.2346 -515.2361
-515.2297 -515.2948
-514.9940 -514.9405
-514.8003 -514.9035
-514.8432 -514.8443
-515.2984 -515.3440
-515.9795 -515.9215
-515.9795 -515.9342
-516.0634 -515.9529
-515.9963 -515.7740
-515.9795 -515.9568
-515.9963 -515.8339
-515.9963 -515.8718
-515.9771 -515.9388
-515.9771 -515.9239
-515.9963 -515.9037
-516.0868 -516.0111
-516.0030 -516.0425
-515.9963 -515.9463
-515.9857 -515.8934
-515.9729 -515.8414
-516.0634 -516.0432
-515.9795 -516.0331
-515.9729 -515.8561
-516.0025 -515.9600
-516.0132 -516.0049
-515.9822 -516.1021
-516.0050 -516.0094
-515.9842 -515.9109
-515.9842 -515.9535
-516.0025 -515.9700
-516.0868 -516.0974
-515.9789 -516.0433
-516.0050 -516.0309
-516.0248 -516.0857
-516.0014 -515.9299
-516.0014 -516.0856
-515.9821 -515.9452
-515.9735 -516.0719
-515.9821 -516.0482
-516.0416 -516.0592
-516.0248 -516.0280
-516.0131 -515.8938
-516.0843 -516.1105
-515.9742 -515.8561
-515.9724 -515.8736
-516.0445 -515.9076
-515.9797 -515.9297
-516.1489 -516.0866
-516.0392 -515.9212
-515.9883 -515.9365
-516.0651 -516.1036
-516.0894 -516.0741
-516.0056 -515.9033
-515.9938 -515.8847
-515.9870 -516.0346
-515.9821 -515.9127
-516.0330 -516.1439
-516.0533 -516.0882
-516.0348 -516.1528
-516.0038 -515.9711
-516.0038 -515.8102
-515.9993 -516.0285
-516.0588 -516.0656
-515.9887 -515.8220
-516.0679 -515.9737
-515.9861 -515.8881
-516.0014 -516.0096
-516.0426 -516.0848
-515.9924 -516.1078
-516.0677 -516.2094
-515.9924 -515.9579
-515.9924 -516.1150
-516.0265 -515.9861
-516.0114 -515.8276
-516.0076 -516.0378
-516.0609 -516.1738
-516.0339 -516.1643
-515.9928 -516.0833
-516.0660 -516.1177
-516.1255 -516.1826
-516.0076 -516.0965
-516.0076 -516.1080
-516.0008 -516.1030
-516.0131 -516.0201
-516.0675 -516.1297
-516.0609 -516.2227
-515.9857 -516.0331
-515.9804 -515.8988
-516.0445 -515.9924
-516.1362 -516.2405
-515.9755 -516.0662
-516.0182 -516.0578
-516.0182 -516.1539
-516.0182 -516.1331
-516.0076 -516.0235
-516.0158 -515.9058
-516.1001 -516.2096
-516.1255 -516.1402
-516.0660 -516.1380
-516.0076 -516.0853
-515.9868 -515.9891
-515.9883 -516.0129
-516.0348 -516.1681
-516.1506 -516.2239
-515.9900 -516.0610
-516.0327 -516.0492
-516.0327 -516.1597
-516.0327 -516.0697
-516.0911 -516.1937
-516.1506 -516.2269
-516.0911 -516.2033
-516.0327 -516.1196
-516.0259 -516.1255
-516.0231 -515.8606
-515.9786 -516.0829
-516.2085 -516.1890
-516.0275 -515.9519
-515.9965 -516.0354
-516.0478 -516.0404
-516.1012 -516.2077
-516.0004 -516.0755
-515.8679 -516.0186
-515.9861 -515.9560
-516.0091 -516.0115
-516.0348 -515.9964
-516.1489 -516.1586
-515.6835 -515.7973
-516.0894 -516.1496
-516.0310 -516.1012
-515.9868 -516.0434
-515.9883 -516.0236
-516.0231 -516.0872
-516.1169 -516.1767
-516.0574 -516.1652
-515.9989 -516.1600
-515.9861 -515.9742
-516.0248 -516.0435
-515.9989 -516.1111
-516.2085 -516.2453
-516.0248 -516.0302
-516.1489 -516.1884
-516.0008 -516.1185
-516.1421 -516.2175
-516.0259 -516.1599
-515.9804 -515.9052
-515.9916 -516.0461
-515.9759 -516.0415
-515.4396 -515.3425
-515.9846 -515.9271
-515.9846 -515.9557
-516.0633 -516.0024
-515.9804 -515.8987
-516.0633 -516.0341
-516.0295 -516.0117
-516.0295 -516.0401
-516.0161 -515.9471
-516.0248 -515.9575
-516.1183 -516.1672
-515.9861 -515.9326
-516.0248 -515.9416
-516.0161 -515.9211
-516.0161 -515.9532
-515.9982 -515.9386
-515.9982 -515.9043
-515.9930 -515.9922
-516.1109 -516.1823
-515.9930 -515.9610
-515.9930 -515.9870
-516.0164 -516.0845
-516.0332 -515.9152
-516.0551 -516.1428
-516.0101 -516.0733
-516.0022 -516.0183
-515.9737 -515.6861
-515.9799 -515.8749
-516.1003 -516.0812
-516.1003 -516.0827
-516.0226 -515.9867
-516.0158 -516.1028
-515.9996 -515.9622
-516.0408 -515.9343
-516.0408 -516.0000
-515.9930 -516.0272
-516.1109 -516.1926
-515.9930 -515.9789
-515.9930 -516.0195
-516.0748 -516.1571
-516.0096 -515.9941
-516.1003 -516.0733
-515.9658 -515.7260
-515.9930 -515.8970
-516.0408 -515.9971
-516.1343 -516.2011
-515.9996 -515.9858
-516.0321 -516.0532
-516.0408 -516.0590
-515.9996 -516.1036
-515.9930 -515.8996
-516.1003 -516.0914
-515.9996 -515.9004
-516.0541 -515.9715
-515.9928 -515.9179
-515.9793 -515.8863
-516.0131 -515.7832
-515.9793 -515.8583
-516.0096 -515.9240
-516.0164 -516.0764
-516.1003 -516.0763
-516.0164 -516.0699
-516.0164 -516.1000
-515.9737 -516.0530
-516.1343 -516.2694
-516.1003 -516.0886
-515.9737 -515.8849
-515.9803 -515.8590
-516.0642 -515.8541
-516.0642 -515.9965
-515.9737 -515.7278
-515.9956 -516.0299
-516.0555 -516.0023
-516.1003 -516.1100
-516.1003 -516.1125
-516.0555 -516.1061
-516.1003 -516.1346
-516.1003 -516.1056
-515.9989 -516.0102
-516.1169 -516.1659
-515.9903 -515.8497
-515.9786 -515.7337
-515.9995 -515.9562
-516.0226 -516.0139
-516.0760 -516.1824
-515.9995 -515.9714
-515.9799 -516.0173
-516.0332 -516.0348
-516.0022 -516.1135
-516.0760 -516.1475
-516.0551 -516.0804
-516.0158 -516.0769
-516.1003 -516.0875
-516.0226 -516.0266
-515.9995 -515.9534
-516.1169 -516.1421
-516.0555 -516.0213
-516.1003 -516.1011
-515.9989 -516.0452
-515.9927 -515.9283
-516.1782 -516.2160
-515.9957 -515.9204
-515.9821 -515.9408
-515.9687 -515.6519
-515.9749 -515.7896
-516.0096 -515.9368
-516.0096 -515.9677
-516.0024 -515.8282
-515.9996 -515.9768
-516.0321 -516.0518
-516.0408 -515.9825
-515.9737 -515.8599
-515.9803 -515.8756
-516.0642 -516.0299
-515.9786 -515.7116
-516.0191 -516.1065
-516.0642 -515.9369
-515.9797 -516.1263
-515.3590 -515.4283
-515.5499 -515.6030
-515.9996 -516.0175
-516.0408 -516.1209
-515.9960 -515.9964
-515.9996 -515.9771
-515.9996 -516.1384
-516.0339 -516.1857
-515.9928 -516.0760
-516.0047 -516.0902
-515.9960 -516.0606
-516.0642 -516.1566
-516.0230 -516.0159
-516.0062 -516.1005
-515.9996 -516.1783
-515.9960 -515.9184
-516.0339 -516.1205
-516.0321 -516.0426
-515.9960 -515.9838
-516.0321 -516.1080
-516.0408 -515.9920
-516.0047 -515.9742
-516.0339 -516.1264
-516.0555 -516.0424
-515.9960 -516.0185
-516.0321 -516.1199
-516.0642 -516.0401
-516.0047 -516.0252
-515.9735 -516.1031
-516.0057 -515.9448
-516.0057 -515.9961
-515.9735 -515.8545
-515.9996 -515.8753
-515.9996 -515.9000
-516.0164 -516.0231
-516.0062 -516.1115
-516.1343 -516.2723
-515.9737 -516.0770
-516.0164 -516.0751
-516.0164 -516.1610
-516.0164 -516.1510
-516.0230 -516.0746
-516.0555 -516.0370
-516.0642 -516.0810
-515.9803 -515.9697
-515.9903 -515.9222
-515.9803 -516.0535
-515.9803 -516.0468
-516.0983 -516.2340
-515.9869 -516.0144
-516.0195 -515.9634
-516.0281 -516.0562
-515.9803 -515.8861
-516.1237 -516.1680
-516.0642 -516.1536
-516.0057 -516.1037
-516.0555 -516.1081
-516.0642 -516.0488
-516.0195 -516.0389
-516.0574 -516.1397
-516.0330 -516.1516
-515.9786 -516.1218
-516.1471 -516.1707
-515.9865 -516.0113
-516.0398 -516.1663
-516.0876 -516.1348
-516.0281 -516.1151
-516.1169 -516.1887
-516.0574 -516.1595
-515.9989 -516.1518
-516.0224 -516.0178
-516.0555 -516.1249
-516.1471 -516.2219
-516.0808 -516.0798
-516.0808 -516.1219
-516.0574 -516.1271
-516.0808 -516.1749
-516.0242 -516.0537
-516.0330 -515.9893
-515.9989 -515.9765
-515.9786 -515.7182
-515.9989 -515.9696
-516.1169 -516.1395
-516.0555 -516.0753
-516.0983 -516.2295
-515.9956 -516.0917
-516.0281 -515.9892
-516.0484 -516.0959
-516.0195 -515.9507
-516.0642 -515.9402
-515.9746 -515.8437
-516.0392 -516.0133
-516.0324 -515.9572
-515.9989 -515.9552
-516.0392 -516.0413
-516.0161 -516.0153
-515.9972 -515.9643
-516.0399 -516.1464
-515.9850 -515.9772
-516.0786 -516.1859
-516.0058 -515.9741
-515.9850 -515.9526
-515.9850 -515.9561
-516.0484 -516.0509
-515.5266 -515.4906
-515.4000 -515.3781
-515.9989 -515.9975
-516.0057 -516.0311
-515.9989 -516.0896
-516.0008 -516.1343
-516.0392 -515.9928
-516.0460 -516.1355
-515.9797 -515.9594
-515.9865 -516.1032
-516.0460 -516.1465
-515.9989 -516.0101
-515.9989 -515.9756
-516.0164 -516.1484
-516.0057 -515.9781
-516.0164 -516.1357
-516.0057 -515.9535
-515.9786 -515.8146
-515.9814 -516.0611
-515.9865 -516.0845
-516.0566 -516.2784
-516.0677 -516.0888
-515.9900 -515.8014
-516.0336 -516.0538
-516.0336 -516.0391
-515.9885 -516.0468
-516.0587 -516.1207
-516.0587 -516.1548
-515.9986 -515.9474
-516.1272 -516.1965
-516.0250 -516.1383
-516.0250 -516.1327
-516.0570 -516.0056
-516.1166 -516.1186
-516.1166 -516.0919
-516.0484 -515.9942
-516.1166 -516.1610
-515.9918 -516.0706
-516.1097 -516.0977
-516.0159 -515.9114
-516.1272 -516.1984
-515.9954 -515.9268
-515.3461 -515.3464
-516.0063 -516.0468
-515.9872 -515.9055
-515.9872 -515.9319
-515.9938 -516.0510
-516.0131 -516.0219
-516.0131 -516.0397
-516.0299 -516.0596
-516.0426 -515.9804
-515.9974 -516.0896
-516.1021 -516.1642
-516.0339 -516.0769
-516.0013 -516.0379
-516.1021 -516.1750
-516.0574 -516.0796
-516.1021 -516.1970
-516.1187 -516.1351
-516.1021 -516.1821
-515.9963 -516.0252
-516.0934 -516.2052
-516.0063 -516.0767
-516.0934 -516.2505
-515.9923 -515.7172
-515.9934 -515.9586
-516.0040 -515.8220
-515.9965 -515.8678
-516.0244 -516.0317
-516.0463 -516.0376
-515.9868 -515.9979
-516.0076 -516.0096
-515.0341 -515.0144
-515.9847 -515.8670
-515.9965 -515.7883
-516.0157 -515.8712
-515.9847 -515.9467
-515.9934 -515.9615
-516.1850 -516.2221
-516.0843 -516.0872
-516.0050 -516.1141
-515.9945 -516.0051
-516.0161 -516.0159
-515.9918 -516.0858
-515.9982 -515.9618
-516.0299 -516.0813
-515.3024 -515.2540
-516.0659 -516.1229
-516.0318 -516.0767
-516.0318 -516.0690
-515.2327 -515.2677
-514.8890 -514.8819
-515.1038 -515.1040
-516.0659 -516.0803
-516.0298 -516.0200
-516.0318 -516.0718
-516.0318 -516.0564
-515.9871 -515.9984
-516.0659 -516.1051
-515.9957 -515.8525
-515.9871 -515.9201
-516.0484 -516.0634
-516.0659 -516.1480
-516.0250 -516.1364
-516.0250 -516.1135
-515.9957 -515.9702
-515.9871 -516.0341
-516.0552 -516.0836
-516.0552 -515.9676
-516.0484 -516.0027
-515.9871 -515.9573
-516.0484 -516.0749
-516.0484 -516.0589
-516.0659 -516.1480
-515.9957 -515.8776
-515.9957 -515.8836
-516.0552 -515.9280
-516.0318 -516.0662
-516.0318 -516.0186
-516.0318 -516.0321
-515.9957 -515.8213
-516.0318 -516.0417
-516.0318 -516.0697
-516.0552 -515.8992
-515.9957 -515.8732
-516.0318 -516.0567
-516.0050 -516.0223
-515.5897 -515.6333
-515.2773 -515.3257
-516.0748 -516.1454
-515.1224 -515.1460
-516.0934 -516.2141
-516.0321 -516.1455
-515.1708 -515.1947
-515.9850 -515.9704
-516.1237 -516.0661
-516.0057 -515.9917
-516.0642 -516.0388
-515.9850 -516.0404
-516.0445 -516.0783
-515.9995 -516.0308
-515.9916 -515.9734
-516.1003 -516.1413
-516.1003 -516.1306
-516.0226 -516.0097
-515.4317 -515.4294
-516.0408 -515.9722
-516.0047 -515.9453
-516.0408 -516.0078
-516.0748 -516.1451
-516.0047 -515.9320
-515.9960 -515.9466
-516.0408 -516.1057
-516.0339 -516.0559
-516.0642 -516.0475
-516.0574 -516.0404
-515.9960 -516.0316
-516.0574 -516.0778
-516.0408 -516.1210
-515.2044 -515.1420
-516.0321 -516.0534
-515.9960 -515.9789
-516.0321 -516.1397
-516.0321 -516.1782
-515.9960 -515.9861
-516.0321 -516.0400
-516.0934 -516.1806
-516.0321 -516.1167
-515.9956 -516.0945
-515.9850 -515.9901
-516.1003 -516.1738
-516.1003 -516.1633
-516.0642 -516.0654
-516.0642 -516.0253
-516.1169 -516.1070
-516.0555 -516.0603
-516.0195 -515.9413
-516.1003 -516.1647
-516.1003 -516.1712
-516.1237 -516.0626
-516.0555 -516.0566
-516.0057 -515.9725
-516.0642 -516.0054
-516.0058 -515.9809
-516.1237 -516.1545
-516.0229 -516.0248
-516.0229 -515.9543
-516.0057 -516.0246
-516.0642 -516.0991
-516.1237 -516.1401
-516.1003 -516.1185
-516.1003 -516.1317
-516.0555 -516.0444
-516.1003 -516.1171
-516.1003 -516.1125
-516.0653 -516.0565
-515.9995 -516.0032
-516.0057 -516.0511
-516.0653 -516.0492
-515.9927 -515.8965
-515.9854 -516.0875
-516.0057 -515.9742
-516.0226 -516.1136
-516.0157 -516.0900
-515.1948 -515.1648
-515.9967 -516.0070
-515.2253 -515.1419
-516.0164 -516.0515
-515.9930 -516.0400
-516.0760 -516.0803
-516.0760 -516.1018
-515.4519 -515.3659
-515.5243 -515.5569
-515.4014 -515.4171
-515.3649 -515.4108
-515.9972 -515.9225
-515.9804 -516.0301
-516.0058 -515.9440
-516.0164 -516.0732
-515.0445 -515.0326
-515.2371 -515.2694
-515.2129 -515.2057
-515.2569 -515.2204
-516.0101 -515.9993
-515.9995 -515.8966
-515.9995 -515.8994
-515.9995 -515.9530
-515.1588 -515.0922
-516.0022 -516.0470
-515.1862 -515.1411
-515.5422 -515.5976
-515.1181 -514.9830
-515.0084 -514.9442
-514.7928 -514.7952
-515.1042 -515.1640
-515.6456 -515.6731
-516.0058 -515.8835
-516.0058 -515.9737
-516.0653 -516.0417
-516.0653 -516.0317
-515.2883 -515.1925
-515.3637 -515.4013
-515.1456 -515.1099
-515.4099 -515.3096
-515.3810 -515.3079
-515.1032 -515.0812
-514.7967 -514.7415
-515.0203 -515.0565
-515.2348 -515.1527
-515.2602 -515.1882
-515.0549 -515.0734
-515.4086 -515.2454
-515.1857 -515.0873
-515.6023 -515.5391
-516.0229 -515.8973
-515.9995 -515.9669
-515.4634 -515.4410
-515.9846 -516.1439
-516.0146 -516.0757
-516.0040 -515.8997
-516.0040 -515.9673
-516.0467 -516.1419
-516.0126 -516.0272
-516.0040 -515.9630
-516.1062 -516.2252
-516.0126 -516.0270
-516.0557 -516.0663
-516.0126 -516.0145
-515.9912 -516.0857
-515.9912 -516.0977
-515.9912 -516.0915
-515.9912 -516.0818
-515.9892 -516.0148
-515.9892 -516.0276
-515.9892 -516.0154
-516.0721 -516.0655
-516.0721 -516.0723
-516.0828 -516.1919
-516.0721 -516.0913
-516.0040 -515.9343
-516.0126 -515.9876
-516.0828 -516.2039
-515.9892 -516.0118
-516.0721 -516.0857
-516.0040 -515.8759
-516.0624 -515.8989
-516.0172 -516.0369
-515.9832 -515.8696
-516.0767 -516.0635
-515.9832 -515.8406
-515.9832 -515.8453
-516.0015 -515.9066
-516.0858 -515.9571
-515.9887 -515.8739
-516.0624 -516.0183
-516.0533 -516.1057
-515.9938 -516.0925
-515.9832 -515.8906
-516.0427 -516.0002
-515.9832 -515.9361
-516.1363 -516.1224
-516.0427 -515.8941
-516.0340 -515.8737
-516.0340 -515.9947
-516.0427 -515.9922
-516.1363 -516.2142
-516.0427 -515.9902
-515.9832 -515.9290
-516.0340 -515.9363
-516.0340 -515.9558
-516.1071 -516.0936
-516.0232 -515.9520
-516.0126 -516.0319
-516.0400 -515.9714
-515.9867 -516.0615
-516.0063 -515.9884
-516.0294 -516.0031
-516.0126 -516.0737
-516.0854 -516.1740
-516.0063 -515.9771
-516.0090 -516.0438
-515.9918 -515.9692
-515.9867 -515.9792
-515.9832 -515.9559
-516.1305 -516.0098
-516.0294 -516.0139
-516.0513 -516.0489
-516.0101 -516.0785
-516.1449 -516.2579
-516.0427 -516.0412
-515.9984 -515.9686
-516.0298 -516.0344
-516.1071 -516.1210
-516.0232 -515.9963
-516.0710 -516.1116
-516.0063 -516.0155
-515.9867 -516.0383
-516.1305 -516.1545
-516.0710 -516.1126
-516.0063 -516.0067
-516.0619 -516.1770
-516.0400 -516.1705
-516.0803 -516.2768
-516.1646 -516.3104
-516.0400 -516.1706
-516.0294 -516.0081
-516.0232 -515.9312
-516.0232 -515.9483
-516.0298 -516.1135
-516.0944 -516.1064
-515.9918 -515.9968
-515.9918 -516.0234
-516.0858 -516.0450
-515.9832 -515.9696
-516.1305 -516.0347
-515.9832 -515.8980
-516.0513 -516.0425
-516.0513 -516.0666
-515.9832 -515.9016
-515.9918 -516.0072
-516.0015 -516.0277
-516.2385 -516.4732
-516.0029 -515.9834
-516.0730 -516.1704
-515.9942 -515.8819
-516.0029 -515.9762
-516.0624 -516.0348
-516.0263 -515.9336
-516.0389 -516.0578
-515.9942 -515.9069
-516.0389 -516.0681
-516.1177 -516.1896
-515.9891 -515.9800
-516.1071 -516.1225
-516.1177 -516.2041
-515.9891 -516.0037
-516.0389 -516.0317
-516.0476 -516.0165
-516.0064 -515.9447
-516.0389 -516.1193
-516.0476 -516.0315
-516.0389 -516.1134
-516.1071 -516.1192
-515.9891 -515.9822
-516.0476 -516.0442
-516.1071 -516.1176
-515.9891 -516.0022
-516.0029 -515.9751
-515.9942 -516.0179
-516.0624 -516.0519
-516.0063 -516.0224
-516.1071 -516.1250
-516.0710 -515.9629
-516.0624 -516.0239
-516.0710 -515.9861
-516.0064 -515.9777
-516.0115 -515.9438
-516.0130 -515.9651
-516.0115 -515.9307
-516.1177 -516.2176
-516.0476 -516.0327
-516.0389 -516.0282
-516.0064 -515.9442
-516.0029 -515.9470
-516.0029 -515.9764
-516.0029 -515.9909
-516.0389 -516.0116
-516.0064 -515.9762
-516.1177 -516.2290
-516.0730 -516.1679
-515.9942 -515.9683
-516.0130 -515.9688
-516.0349 -516.0507
-516.0263 -515.9289
-516.1376 -516.1539
