-515.9417 -515.9443
-515.9391 -515.8759
-515.9391 -515.8860
-515.9634 -515.9608
-516.0269 -516.0631
-516.0269 -516.0762
-515.9089 -515.6675
-515.9089 -515.6702
-515.9089 -515.7304
-515.9089 -515.7049
-516.0503 -516.1522
-516.0242 -515.9209
-516.0242 -515.9856
-515.9607 -515.9025
-515.9607 -515.7574
-515.9484 -515.9341
-515.9868 -516.0820
-515.9607 -515.9524
-516.0503 -516.1283
-516.0269 -516.0536
-516.0242 -515.9479
-515.9607 -515.8341
-516.0269 -516.0838
-516.0242 -515.9812
-515.9458 -515.8271
-515.9484 -515.8773
-515.9458 -515.8188
-515.3778 -515.1747
-515.9410 -515.8863
-515.9410 -515.9221
-515.9589 -515.7912
-516.0064 -515.9436
-516.1009 -515.9491
-516.0224 -515.8373
-515.9724 -515.8055
-515.9724 -515.9290
-515.9984 -515.9488
-515.9724 -515.9097
-515.9471 -515.9828
-515.9724 -515.8176
-515.9984 -515.9747
-515.9471 -516.0015
-515.9954 -515.8708
-515.9523 -515.8983
-515.9945 -515.9620
-515.9724 -515.8780
-515.9559 -515.8700
-515.9563 -515.8939
-515.9724 -515.9579
-516.0224 -515.8961
-516.0038 -515.9699
-516.1243 -516.0539
-515.9563 -515.9064
-516.0298 -516.0657
-516.0224 -515.9410
-516.0038 -515.9870
-515.9954 -515.8980
-515.9945 -515.8866
-516.0198 -515.9303
-515.9523 -515.9546
-515.9676 -515.8024
-515.9626 -515.8264
-516.0454 -516.1389
-515.9724 -515.9578
-515.9984 -515.9428
-515.9724 -515.9001
-515.9471 -515.9825
-515.9724 -515.9531
-515.9793 -515.9361
-515.9669 -515.9274
-515.9793 -515.9982
-516.0428 -516.0390
-515.9724 -515.9745
-515.9798 -516.0222
-515.9724 -516.0355
-516.0118 -515.9801
-515.9643 -515.9632
-516.0118 -515.9892
-516.0118 -515.9568
-516.1323 -516.1561
-515.9919 -515.8364
-515.9919 -515.8633
-515.9705 -516.0390
-515.9483 -515.8697
-516.0428 -515.9512
-515.9483 -515.9557
-516.0304 -515.9701
-516.0118 -516.0553
-516.0689 -516.1543
-515.9445 -515.8270
-516.0428 -515.9906
-515.9958 -516.0314
-516.1323 -516.1937
-515.9945 -516.0038
-515.9497 -515.9152
-516.0188 -515.9496
-515.9945 -516.0593
-515.9497 -515.9221
-516.0044 -515.7945
-515.9445 -515.8688
-516.0593 -516.0329
-516.0180 -515.9341
-515.9919 -515.8867
-515.9666 -516.0124
-516.0118 -516.0135
-516.0619 -516.0733
-516.0340 -516.1274
-516.0702 -516.0196
-515.9758 -516.0090
-515.9666 -516.0383
-515.9958 -515.9183
-515.9445 -515.9430
-515.9793 -515.9577
-516.0428 -515.9798
-515.9483 -515.9804
-515.9445 -515.9424
-515.9650 -515.9141
-515.9600 -515.9257
-515.9872 -515.9033
-515.9669 -515.9563
-516.0304 -516.0044
-516.0428 -515.9864
-516.0198 -515.9838
-516.0593 -516.0833
-516.0188 -515.9754
-516.1478 -516.1484
-516.0198 -516.0205
-516.0359 -516.1324
-515.9594 -515.9566
-515.9919 -515.9531
-516.0702 -516.0695
-516.0260 -516.1153
-515.9777 -515.8431
-516.0689 -516.1321
-515.9483 -515.9502
-515.9483 -516.0073
-515.9483 -516.0576
-516.0288 -516.1069
-516.0662 -516.0518
-516.0028 -516.0678
-515.9644 -515.9459
-516.1323 -516.1547
-515.9643 -516.0100
-516.0118 -515.9814
-516.0118 -516.0611
-516.0118 -516.0619
-515.9445 -515.9028
-516.1323 -516.2045
-516.0689 -516.2042
-515.9445 -515.9403
-516.0118 -516.1396
-516.0044 -515.9622
-515.9605 -515.8268
-516.1297 -516.0819
-515.9617 -515.9390
-516.0118 -516.0976
-516.0539 -515.9940
-515.9904 -516.0070
-516.1297 -516.1503
-516.0662 -516.0925
-516.0589 -516.1298
-516.2193 -516.1593
-515.9537 -515.8629
-516.0314 -515.9456
-515.9715 -515.9450
-515.9715 -515.9458
-515.9567 -515.8689
-516.0314 -515.9599
-515.9537 -515.9252
-516.2193 -516.2334
-515.9908 -516.0166
-515.9640 -515.9013
-515.9715 -516.0498
-515.9639 -515.8161
-516.0340 -516.1256
-515.9647 -515.9049
-516.0240 -515.8573
-515.9715 -516.0545
-515.9593 -516.0425
-516.1174 -516.0644
-515.9908 -516.0572
-516.1297 -516.0850
-516.0593 -516.1121
-516.2193 -516.3055
-515.9647 -515.9271
-516.0937 -516.0850
-515.9498 -515.9733
-515.9751 -515.8966
-515.9846 -515.9405
-516.1174 -516.1040
-516.1034 -516.1065
-516.2113 -516.2696
-515.9708 -516.0811
-515.7527 -515.7843
-515.9681 -516.0439
-515.9681 -516.0506
-515.9980 -516.1162
-515.9579 -516.0810
-515.5519 -515.5855
-516.0214 -516.1324
-515.9954 -516.0160
-515.9451 -515.9504
-515.9712 -516.0956
-515.5334 -515.5689
-515.9712 -515.8619
-515.9954 -516.0288
-516.0214 -516.2211
-515.9954 -516.0243
-515.9553 -515.8466
-515.9553 -515.9802
-515.9954 -516.0600
-515.9954 -516.0938
-515.9954 -516.0938
-515.9954 -516.0835
-516.0114 -516.1397
-515.9673 -516.1403
-515.9673 -516.0910
-515.9954 -516.0516
-516.0114 -516.1286
-515.9954 -516.0745
-516.0799 -516.1992
-515.9451 -515.9788
-515.9712 -516.1360
-515.9433 -515.8216
-515.9471 -515.9372
-515.9485 -515.8605
-515.3370 -515.3310
-515.9485 -515.9080
-515.5816 -515.6048
-515.9919 -515.9229
-515.9919 -515.9609
-515.9471 -515.6700
-515.9471 -515.7130
-515.9545 -515.9008
-515.9445 -515.9532
-515.9587 -515.9574
-515.9666 -516.0737
-515.9785 -515.8892
-515.9785 -515.8994
-515.9945 -515.9530
-515.9859 -516.0606
-515.9445 -515.9820
-515.9537 -515.9983
-515.9828 -516.1458
-515.9715 -516.0119
-515.9715 -516.0199
-515.9715 -516.0572
-515.9715 -516.0597
-515.1766 -515.2537
-515.9919 -515.9736
-515.9919 -515.9550
-515.9919 -516.0019
-515.9846 -515.9339
-515.9945 -516.1312
-515.9919 -515.9447
-515.9945 -516.1122
-515.9846 -515.9757
-515.9919 -515.9763
-515.9846 -516.0588
-515.9640 -515.9344
-515.9666 -516.0612
-515.9555 -515.9051
-516.0240 -515.9379
-515.9666 -515.7399
-515.9666 -515.7650
-516.0314 -516.0617
-515.9471 -515.7768
-515.9471 -515.8184
-515.9445 -515.9788
-516.0180 -516.0197
-515.9639 -515.8901
-515.9445 -515.9798
-516.0314 -516.0755
-515.9567 -515.9531
-515.9640 -515.9675
-515.9593 -516.0713
-515.9593 -516.0684
-515.9498 -516.0226
-515.9555 -515.9704
-515.9679 -516.0212
-516.0340 -516.2351
-515.9872 -515.9316
-515.9555 -515.9262
-515.9695 -516.0430
-514.9510 -515.0490
-515.2866 -515.3741
-515.3881 -515.4251
-514.8203 -514.9123
-515.0435 -515.1466
-514.9688 -515.0370
-515.2889 -515.4240
-515.3361 -515.4963
-514.8433 -514.8563
-515.4457 -515.2389
-515.0407 -515.0662
-515.3740 -515.3834
-514.8789 -514.9185
-515.0475 -515.1979
-515.1896 -515.2716
-515.3588 -515.3723
-515.3228 -515.3711
-514.9810 -515.0693
-514.8806 -514.9950
-515.0205 -515.0259
-515.3293 -515.3683
-515.0947 -515.2046
-515.3095 -515.5499
-515.5487 -515.5513
-514.7062 -514.8722
-515.1498 -515.2169
-515.0143 -515.0304
-514.4955 -514.4619
-515.0464 -515.0331
-515.4792 -515.5377
-514.7704 -514.8195
-515.0863 -515.2496
-514.8711 -514.8649
-515.0868 -515.2963
-515.2241 -515.2523
-515.2039 -515.2361
-515.2538 -515.2948
-514.9973 -514.9405
-514.7738 -514.9035
-514.8507 -514.8443
-515.2945 -515.3440
-515.9734 -515.9215
-515.9734 -515.9342
-516.0679 -515.9529
-515.9894 -515.7740
-515.9734 -515.9568
-515.9894 -515.8339
-515.9894 -515.8718
-515.9654 -515.9388
-515.9654 -515.9239
-515.9623 -515.8635
-515.9615 -515.9575
-515.9894 -515.9037
-515.9707 -515.9189
-516.0913 -516.0111
-515.9968 -516.0425
-515.9894 -515.9463
-515.9707 -515.9423
-515.9623 -515.8660
-515.9615 -515.8133
-515.9868 -515.8934
-515.9660 -515.8414
-515.9473 -515.9267
-515.9473 -515.9511
-516.0679 -516.0432
-515.9734 -516.0331
-515.9660 -515.8561
-515.9633 -515.8992
-515.9673 -516.1107
-515.9647 -515.9834
-516.0008 -516.0932
-516.0008 -516.0799
-516.0028 -515.9600
-515.9615 -515.9108
-515.9553 -515.9823
-516.0054 -516.0049
-515.9775 -516.1021
-516.0138 -516.0094
-515.9863 -515.9109
-515.9523 -515.9643
-515.9863 -515.9535
-515.9633 -515.9145
-516.0028 -515.9700
-515.9623 -515.9095
-516.0913 -516.0974
-515.9633 -515.9537
-515.9794 -516.0433
-516.0138 -516.0309
-516.0168 -516.0857
-515.9934 -515.9299
-515.9934 -516.0856
-515.9694 -515.9452
-515.9655 -515.9194
-515.9570 -516.0719
-515.9655 -516.0048
-515.9694 -516.0482
-516.0328 -516.0592
-516.0168 -516.0280
-516.0130 -515.8938
-516.0803 -516.1105
-515.9598 -516.0717
-515.9607 -515.8561
-515.9557 -515.8736
-516.0398 -515.9076
-515.9454 -515.8988
-515.9704 -515.9297
-516.1508 -516.0866
-516.0248 -515.9212
-515.9828 -515.9365
-516.0563 -516.1036
-516.0873 -516.0741
-515.9928 -515.9033
-515.9889 -515.8847
-515.9667 -515.9937
-515.9816 -516.0346
-515.9851 -515.9127
-516.0205 -516.1439
-516.0524 -516.0882
-516.0255 -516.1528
-515.9976 -515.9711
-515.9976 -515.8102
-515.9459 -515.8653
-515.9844 -516.0285
-515.9583 -515.8764
-516.0479 -516.0656
-515.9583 -515.8373
-515.9708 -515.8220
-515.9459 -515.8560
-515.9476 -515.9295
-516.0633 -515.9737
-515.9514 -515.9873
-515.9858 -515.8881
-515.9934 -516.0096
-516.0404 -516.0848
-515.9801 -516.1078
-516.0531 -516.2094
-515.9801 -515.9579
-515.9801 -516.1150
-516.0061 -515.9861
-515.9548 -516.0403
-516.0020 -515.8276
-516.0068 -516.0378
-515.9593 -515.9481
-516.0569 -516.1738
-516.0280 -516.1643
-515.9810 -516.0833
-516.0638 -516.1177
-516.1273 -516.1826
-516.0068 -516.0965
-516.0068 -516.1080
-515.9994 -516.1030
-516.0130 -516.0201
-516.0643 -516.1297
-516.0569 -516.2227
-515.9868 -516.0331
-515.9742 -515.8988
-515.9513 -515.9384
-516.0398 -515.9924
-515.9623 -515.9235
-516.1300 -516.2405
-515.9619 -516.0662
-516.0094 -516.0578
-516.0094 -516.1539
-516.0094 -516.1331
-515.9470 -515.9824
-516.0068 -516.0235
-516.0014 -515.9058
-516.0899 -516.2096
-515.9667 -516.0095
-515.9581 -515.9577
-516.1273 -516.1402
-516.0638 -516.1380
-516.0068 -516.0853
-515.9470 -516.0773
-515.9823 -515.9891
-515.9828 -516.0129
-515.9520 -516.1253
-516.0255 -516.1681
-516.1400 -516.2239
-515.9720 -516.0610
-516.0195 -516.0492
-516.0195 -516.1597
-516.0195 -516.0697
-515.9522 -515.9354
-515.9520 -515.8213
-516.0766 -516.1937
-515.9560 -516.0109
-515.9560 -516.0317
-515.9560 -516.0955
-515.9448 -515.9704
-515.9522 -515.9147
-516.1400 -516.2269
-516.0766 -516.2033
-515.9522 -516.0021
-516.0195 -516.1196
-515.9412 -515.8892
-516.0121 -516.1255
-516.0216 -515.8606
-515.9691 -516.0829
-516.2143 -516.1890
-516.0210 -515.9519
-515.9864 -516.0354
-516.0463 -516.0404
-516.0963 -516.2077
-515.9908 -516.0755
-515.9543 -515.9783
-515.8598 -516.0186
-515.9858 -515.9560
-515.9665 -515.9852
-516.0102 -516.0115
-516.0255 -515.9964
-516.1508 -516.1586
-515.9470 -516.0873
-515.9581 -516.0445
-515.6691 -515.7973
-516.0873 -516.1496
-516.0302 -516.1012
-515.9823 -516.0434
-515.9828 -516.0236
-515.9520 -516.1045
-515.9665 -515.9665
-516.0216 -516.0872
-516.1150 -516.1767
-516.0515 -516.1652
-515.9944 -516.1600
-515.9858 -515.9742
-516.0218 -516.0435
-515.9944 -516.1111
-516.2143 -516.2453
-515.9509 -515.9537
-516.0218 -516.0302
-515.9459 -516.0034
-516.1508 -516.1884
-515.9994 -516.1185
-516.1434 -516.2175
-516.0121 -516.1599
-515.9542 -515.9591
-515.9515 -515.8502
-515.9742 -515.9052
-515.9972 -516.0461
-515.9609 -516.0415
-515.9946 -515.9665
-515.9583 -515.8975
-515.9509 -515.9472
-515.4298 -515.3425
-515.9877 -515.9271
-515.9877 -515.9557
-516.0611 -516.0024
-515.9742 -515.8987
-515.9715 -515.9125
-516.0611 -516.0341
-515.9403 -515.8017
-516.0307 -516.0117
-515.9412 -515.7787
-515.9412 -515.8060
-516.0307 -516.0401
-516.0094 -515.9471
-516.0218 -515.9575
-515.9513 -515.9898
-516.1113 -516.1672
-515.9858 -515.9326
-515.9459 -515.8084
-516.0218 -515.9416
-515.9583 -515.8928
-515.9509 -515.8891
-515.9448 -515.8314
-516.0094 -515.9211
-515.9822 -515.9530
-516.0094 -515.9532
-515.9954 -515.9386
-515.9954 -515.9043
-515.9810 -515.9922
-516.1015 -516.1823
-515.9810 -515.9610
-515.9810 -515.9870
-516.0044 -516.0845
-516.0204 -515.9152
-515.9531 -515.9430
-516.0434 -516.1428
-515.9960 -516.0733
-515.9503 -516.0125
-515.9925 -516.0183
-515.9539 -515.8635
-515.9569 -515.6861
-515.9703 -515.8749
-515.9531 -515.9137
-515.9531 -515.9562
-516.0989 -516.0812
-515.9531 -515.9729
-515.9531 -515.9546
-516.0989 -516.0827
-516.0178 -515.9867
-516.0104 -516.1028
-515.9446 -515.7647
-515.9884 -515.9622
-516.0354 -515.9343
-516.0354 -516.0000
-515.9810 -516.0272
-515.9783 -515.9759
-516.1015 -516.1926
-515.9810 -515.9789
-515.9810 -516.0195
-516.0615 -516.1571
-515.9970 -515.9941
-516.0989 -516.0733
-515.9483 -515.7260
-515.9457 -515.7822
-515.9531 -515.9372
-515.9810 -515.8970
-516.0354 -515.9971
-515.9783 -515.9524
-515.9710 -515.9550
-515.9783 -515.9867
-516.1249 -516.2011
-515.9457 -515.9880
-515.9982 -515.9858
-516.0230 -516.0532
-516.0354 -516.0590
-515.9884 -516.1036
-515.9810 -515.8996
-516.0989 -516.0914
-515.9710 -515.9434
-515.9982 -515.9004
-516.0495 -515.9715
-515.9810 -515.9179
-515.9662 -515.8863
-515.9913 -515.7832
-515.9662 -515.8583
-515.9970 -515.9240
-515.9687 -516.1237
-516.0044 -516.0764
-516.0989 -516.0763
-516.0044 -516.0699
-516.0044 -516.1000
-515.9569 -516.0530
-516.1249 -516.2694
-516.0989 -516.0886
-515.9569 -515.8849
-515.9857 -516.0650
-515.9643 -515.8590
-516.0588 -515.8541
-516.0588 -515.9965
-515.9569 -515.7278
-515.9799 -516.0299
-515.9470 -515.9447
-516.0465 -516.0023
-516.0989 -516.1100
-516.0989 -516.1125
-516.0465 -516.1061
-516.0989 -516.1346
-515.9531 -515.9666
-516.0989 -516.1056
-515.9944 -516.0102
-516.1150 -516.1659
-515.9730 -515.8497
-515.9691 -515.7337
-515.9496 -515.7679
-515.9446 -515.7853
-515.9503 -515.9783
-515.9933 -515.9562
-516.0178 -516.0139
-515.9503 -515.9519
-515.9503 -516.0012
-516.0709 -516.1824
-515.9933 -515.9714
-515.9703 -516.0173
-516.0204 -516.0348
-515.9925 -516.1135
-516.0709 -516.1475
-515.9689 -516.0085
-515.9813 -515.9969
-515.9543 -515.8016
-515.9813 -515.9158
-515.9539 -515.8635
-516.0434 -516.0804
-515.9539 -515.9024
-515.9531 -515.9426
-515.9531 -515.9522
-515.9457 -515.7680
-515.9689 -515.9369
-515.9457 -515.8218
-515.9588 -515.9658
-516.0104 -516.0769
-516.0989 -516.0875
-516.0178 -516.0266
-515.9933 -515.9534
-516.1150 -516.1421
-516.0465 -516.0213
-516.0989 -516.1011
-515.9944 -516.0452
-515.9860 -515.9283
-516.1835 -516.2160
-515.9689 -515.9866
-515.9710 -515.9924
-515.9710 -515.9923
-515.9710 -516.0339
-515.9507 -515.8021
-515.9457 -515.7950
-515.9954 -515.9204
-515.9634 -515.9408
-515.9546 -515.6519
-515.9680 -515.7896
-515.9970 -515.9368
-515.9970 -515.9677
-515.9887 -515.8282
-515.9884 -515.9768
-515.9496 -515.7185
-516.0230 -516.0518
-516.0354 -515.9825
-515.9569 -515.8599
-515.9784 -515.9387
-515.9533 -515.9371
-515.9643 -515.8756
-515.9605 -515.8477
-516.0588 -516.0299
-515.9496 -515.6324
-515.9691 -515.7116
-516.0034 -516.1065
-516.0588 -515.9369
-515.9543 -515.9472
-515.9704 -516.1263
-515.3376 -515.4283
-515.5240 -515.6030
-515.9884 -516.0175
-515.9483 -515.9684
-516.0354 -516.1209
-515.9830 -515.9964
-515.9884 -515.9771
-515.9483 -515.9319
-515.9884 -516.1384
-516.0280 -516.1857
-515.9810 -516.0760
-515.9953 -516.0902
-515.9830 -516.0606
-516.0588 -516.1566
-516.0118 -516.0159
-515.9958 -516.1005
-515.9884 -516.1783
-515.9496 -515.7444
-515.9830 -515.9184
-516.0280 -516.1205
-516.0230 -516.0426
-515.9830 -515.9838
-516.0230 -516.1080
-515.9483 -515.9220
-516.0354 -515.9920
-515.9953 -515.9742
-515.9470 -515.9035
-516.0280 -516.1264
-516.0465 -516.0424
-515.9830 -516.0185
-516.0230 -516.1199
-516.0588 -516.0401
-515.9581 -515.9986
-515.9953 -516.0252
-515.9570 -516.1031
-515.9543 -516.1073
-516.0018 -515.9448
-516.0018 -515.9961
-515.9496 -515.6424
-515.9570 -515.8545
-515.9496 -515.7247
-515.9884 -515.8753
-515.9884 -515.9000
-516.0044 -516.0231
-515.9958 -516.1115
-515.9543 -516.0267
-516.1249 -516.2723
-515.9569 -516.0770
-516.0044 -516.0751
-516.0044 -516.1610
-516.0044 -516.1510
-516.0118 -516.0746
-516.0465 -516.0370
-516.0588 -516.0810
-515.9643 -515.9697
-515.9730 -515.9222
-515.9643 -516.0535
-515.9643 -516.0468
-516.0849 -516.2340
-515.9718 -516.0144
-516.0064 -515.9634
-516.0188 -516.0562
-515.9643 -515.8861
-515.9531 -515.9593
-516.1223 -516.1680
-516.0588 -516.1536
-516.0018 -516.1037
-515.9605 -515.8453
-515.9494 -515.9779
-516.0465 -516.1081
-515.9533 -516.0147
-516.0588 -516.0488
-516.0064 -516.0389
-515.9544 -516.0040
-516.0515 -516.1397
-515.9544 -515.9984
-516.0205 -516.1516
-515.9691 -516.1218
-515.9577 -515.9419
-516.1458 -516.1707
-515.9778 -516.0113
-516.0278 -516.1663
-515.9543 -516.0145
-515.9577 -515.9466
-516.0823 -516.1348
-515.9581 -516.0780
-516.0188 -516.1151
-515.9617 -516.0660
-515.9531 -516.0414
-516.1150 -516.1887
-516.0515 -516.1595
-515.9944 -516.1518
-516.0179 -516.0178
-515.9459 -515.9658
-516.0465 -516.1249
-516.1458 -516.2219
-515.9533 -515.9204
-516.0749 -516.0798
-515.9459 -515.9844
-516.0749 -516.1219
-516.0515 -516.1271
-516.0749 -516.1749
-516.0229 -516.0537
-515.9492 -515.9922
-516.0205 -515.9893
-515.9944 -515.9765
-515.9465 -515.8887
-515.9691 -515.7182
-515.9944 -515.9696
-515.9531 -515.9869
-516.1150 -516.1395
-516.0465 -516.0753
-515.9857 -516.1066
-516.0849 -516.2295
-515.9799 -516.0917
-516.0188 -515.9892
-516.0381 -516.0959
-515.9580 -515.9525
-516.0064 -515.9507
-515.9831 -516.0251
-516.0588 -515.9402
-515.9664 -515.8437
-516.0339 -516.0133
-516.0265 -515.9572
-515.9944 -515.9552
-516.0339 -516.0413
-516.0094 -516.0153
-515.9924 -515.9643
-515.9649 -515.9708
-516.0308 -516.1464
-515.9773 -515.9772
-516.0668 -516.1859
-516.0047 -515.9741
-515.9649 -516.0018
-515.9773 -515.9526
-515.9773 -515.9561
-516.0381 -516.0509
-515.9649 -515.9334
-515.9757 -516.0006
-515.9649 -515.9778
-515.9459 -516.0128
-515.9459 -515.8420
-515.9465 -515.9618
-515.9485 -516.1579
-515.5110 -515.4906
-515.3704 -515.3781
-515.9944 -515.9975
-516.0018 -516.0311
-515.9544 -515.9512
-515.9617 -516.0193
-515.9944 -516.0896
-515.9994 -516.1343
-516.0339 -515.9928
-516.0412 -516.1355
-515.9704 -515.9594
-515.9778 -516.1032
-515.9737 -515.9493
-516.0412 -516.1465
-515.9520 -516.1172
-515.9944 -516.0101
-515.9944 -515.9756
-516.0044 -516.1484
-516.0018 -515.9781
-516.0044 -516.1357
-515.9544 -515.8483
-516.0018 -515.9535
-515.9539 -515.9430
-515.9492 -516.0257
-515.9580 -515.8655
-515.9691 -515.8146
-515.9597 -516.0611
-515.9654 -516.0338
-515.9778 -516.0845
-516.0439 -516.2784
-515.9543 -516.0256
-515.9654 -515.9630
-515.9548 -515.8686
-515.9448 -515.8466
-515.9522 -515.9247
-515.9548 -515.9008
-516.0531 -516.0888
-515.9720 -515.8014
-515.9560 -515.9691
-516.0271 -516.0538
-516.0271 -516.0391
-515.9716 -516.0468
-515.9460 -515.9246
-516.0398 -516.1207
-516.0398 -516.1548
-515.9453 -515.7133
-515.9597 -515.7446
-515.9935 -515.9474
-515.9682 -515.9572
-516.1166 -516.1965
-516.0147 -516.1383
-516.0147 -516.1327
-515.9474 -515.9258
-516.0505 -516.0056
-516.1140 -516.1186
-516.1140 -516.0919
-516.0381 -515.9942
-515.9682 -515.9524
-516.1140 -516.1610
-515.9861 -516.0706
-516.1066 -516.0977
-515.9522 -515.8587
-516.0035 -515.9114
-516.1166 -516.1984
-516.0047 -515.9268
-515.9982 -515.9356
-515.9616 -515.9986
-515.3584 -515.3464
-515.9609 -516.0302
-516.0056 -516.0468
-515.9543 -516.0137
-515.9531 -515.9708
-515.9474 -515.9287
-515.9815 -515.9055
-515.9815 -515.9319
-515.9889 -516.0510
-516.0130 -516.0219
-516.0130 -516.0397
-515.9543 -515.9350
-515.9448 -515.8779
-516.0290 -516.0596
-516.0404 -515.9804
-515.9619 -515.7886
-515.9849 -516.0896
-515.9496 -515.7503
-516.1039 -516.1642
-516.0280 -516.0769
-515.9984 -516.0379
-516.1039 -516.1750
-516.0515 -516.0796
-515.9581 -515.9973
-516.1039 -516.1970
-516.1200 -516.1351
-516.1039 -516.1821
-515.9960 -516.0252
-516.0915 -516.2052
-515.9543 -516.0402
-516.0056 -516.0767
-516.0915 -516.2505
-515.9780 -515.7172
-515.9949 -515.9586
-515.9975 -515.8220
-515.9864 -515.8678
-516.0228 -516.0317
-516.0458 -516.0376
-515.9465 -515.9735
-515.9823 -515.9979
-515.9589 -516.0047
-516.0068 -516.0096
-514.9978 -515.0144
-515.9825 -515.8670
-515.9864 -515.7883
-515.9630 -515.9515
-516.0171 -515.8712
-515.9825 -515.9467
-515.9949 -515.9615
-516.1908 -516.2221
-516.0853 -516.0872
-515.9589 -515.9403
-516.0138 -516.1141
-515.9910 -516.0051
-516.0094 -516.0159
-515.9861 -516.0858
-515.9954 -515.9618
-515.9581 -515.9079
-515.9581 -515.9356
-515.9616 -515.9760
-516.0290 -516.0813
-515.9749 -516.0032
-515.9647 -515.9551
-515.3279 -515.2540
-516.0481 -516.1229
-516.0221 -516.0767
-516.0221 -516.0690
-515.2164 -515.2677
-514.8966 -514.8819
-515.0827 -515.1040
-516.0481 -516.0803
-516.0081 -516.0200
-516.0221 -516.0718
-516.0221 -516.0564
-515.9696 -515.9984
-516.0481 -516.1051
-515.9820 -515.8525
-515.9696 -515.9201
-516.0381 -516.0634
-516.0481 -516.1480
-516.0147 -516.1364
-516.0147 -516.1135
-515.9820 -515.9702
-515.9696 -516.0341
-516.0455 -516.0836
-516.0455 -515.9676
-516.0381 -516.0027
-515.9696 -515.9573
-516.0381 -516.0749
-516.0381 -516.0589
-515.9510 -515.8719
-516.0481 -516.1480
-515.9820 -515.8776
-515.9820 -515.8836
-516.0455 -515.9280
-516.0221 -516.0662
-516.0221 -516.0186
-516.0221 -516.0321
-515.9820 -515.8213
-516.0221 -516.0417
-516.0221 -516.0697
-516.0455 -515.8992
-515.9820 -515.8732
-516.0221 -516.0567
-515.9510 -516.0005
-515.9831 -516.0223
-515.5980 -515.6333
-515.9623 -516.0387
-515.2797 -515.3257
-515.9623 -516.0434
-515.9597 -515.9635
-515.9597 -515.9175
-515.9523 -515.9206
-515.9597 -515.9948
-516.0615 -516.1454
-515.9565 -516.0489
-515.1117 -515.1460
-516.0915 -516.2141
-516.0230 -516.1455
-515.9580 -515.9853
-515.1382 -515.1947
-515.9773 -515.9704
-515.9533 -515.9916
-515.9597 -516.0240
-516.1223 -516.0661
-516.0018 -515.9917
-516.0588 -516.0388
-515.9778 -515.9189
-515.9896 -516.0353
-515.9773 -516.0404
-516.0408 -516.0783
-515.9933 -516.0308
-515.9899 -515.9734
-516.0989 -516.1413
-516.0989 -516.1306
-516.0178 -516.0097
-515.9504 -516.0022
-515.4075 -515.4294
-515.9553 -516.0242
-516.0354 -515.9722
-515.9483 -515.8556
-515.9953 -515.9453
-516.0354 -516.0078
-516.0615 -516.1451
-515.9953 -515.9320
-515.9830 -515.9466
-516.0354 -516.1057
-516.0280 -516.0559
-516.0588 -516.0475
-516.0515 -516.0404
-515.9830 -516.0316
-516.0515 -516.0778
-516.0354 -516.1210
-515.9565 -516.0450
-515.9539 -515.9617
-515.2051 -515.1420
-516.0230 -516.0534
-515.9830 -515.9789
-516.0230 -516.1397
-515.9531 -515.9864
-516.0230 -516.1782
-515.9830 -515.9861
-516.0230 -516.0400
-516.0915 -516.1806
-516.0230 -516.1167
-515.9703 -515.9486
-515.9580 -515.9879
-515.9569 -515.8290
-515.9643 -515.8102
-515.9799 -516.0945
-515.9543 -515.9761
-515.9773 -515.9901
-515.9544 -515.9020
-515.9446 -515.7518
-515.9531 -516.0062
-515.9531 -515.9937
-516.0989 -516.1738
-516.0989 -516.1633
-515.9605 -515.8734
-516.0588 -516.0654
-516.0588 -516.0253
-516.1150 -516.1070
-516.0465 -516.0603
-515.9494 -515.8891
-516.0064 -515.9413
-516.0989 -516.1647
-515.9661 -515.9884
-516.0989 -516.1712
-516.1223 -516.0626
-515.9533 -515.8996
-516.0465 -516.0566
-516.0018 -515.9725
-516.0588 -516.0054
-515.9831 -516.0145
-516.0047 -515.9809
-516.1223 -516.1545
-516.0168 -516.0248
-516.0168 -515.9543
-515.9459 -515.8622
-516.0018 -516.0246
-516.0588 -516.0991
-516.1223 -516.1401
-516.0989 -516.1185
-516.0989 -516.1317
-515.9661 -515.9990
-515.9831 -515.9950
-515.9533 -515.9711
-516.0465 -516.0444
-516.0989 -516.1171
-516.0989 -516.1125
-515.9831 -515.9791
-516.0682 -516.0565
-515.9933 -516.0032
-515.9661 -516.0031
-516.0018 -516.0511
-516.0682 -516.0492
-515.9813 -516.0315
-515.9689 -515.9413
-515.9860 -515.8965
-515.9765 -516.0875
-516.0018 -515.9742
-516.0178 -516.1136
-515.9783 -516.0062
-515.9783 -516.0195
-516.0164 -516.0900
-515.2284 -515.1648
-515.9884 -516.0070
-515.9623 -515.8426
-515.9649 -515.9798
-515.9623 -515.8920
-515.2300 -515.1419
-515.9857 -516.0202
-516.0074 -516.0515
-515.9839 -516.0400
-516.0709 -516.0803
-516.0709 -516.1018
-515.9503 -515.9438
-515.4472 -515.3659
-515.5244 -515.5569
-515.4100 -515.4171
-515.3709 -515.4108
-515.9577 -515.8340
-515.9924 -515.9225
-515.9673 -516.0301
-516.0047 -515.9440
-516.0074 -516.0732
-515.0454 -515.0326
-515.2567 -515.2694
-515.2327 -515.2057
-515.2545 -515.2204
-515.9687 -515.9975
-515.9960 -515.9993
-515.9933 -515.8966
-515.9933 -515.8994
-515.9933 -515.9530
-515.1602 -515.0922
-515.9445 -515.7773
-515.9925 -516.0470
-515.9533 -515.8285
-515.1894 -515.1411
-515.5754 -515.5976
-515.9559 -516.0573
-515.9445 -515.9892
-515.9445 -515.9608
-515.9605 -516.0228
-515.1050 -514.9830
-515.0403 -514.9442
-514.8310 -514.7952
-515.1543 -515.1640
-515.6645 -515.6731
-516.0047 -515.8835
-516.0047 -515.9737
-515.9813 -515.9625
-516.0682 -516.0417
-516.0682 -516.0317
-515.2976 -515.1925
-515.3439 -515.4013
-515.1842 -515.1099
-515.4027 -515.3096
-515.3570 -515.3079
-515.1194 -515.0812
-514.7788 -514.7415
-515.0057 -515.0565
-515.2209 -515.1527
-515.3044 -515.1882
-515.0939 -515.0734
-515.3986 -515.2454
-515.2253 -515.0873
-515.5850 -515.5391
-516.0168 -515.8973
-515.9533 -515.8441
-515.9933 -515.9669
-515.9533 -515.8634
-515.4754 -515.4410
-515.9905 -516.0136
-515.9905 -515.9886
-515.9670 -515.9497
-515.9670 -515.9832
-515.9670 -515.9583
-515.9670 -515.9388
-515.9787 -516.1439
-515.9526 -515.9909
-516.0024 -516.0757
-515.9997 -515.8997
-515.9997 -515.9673
-516.0382 -516.1419
-516.0121 -516.0272
-515.9651 -516.0521
-515.9997 -515.9630
-516.1017 -516.2252
-515.9486 -516.0082
-515.9486 -515.9768
-516.0121 -516.0270
-515.9486 -515.9277
-515.9761 -515.9847
-515.9486 -515.9708
-516.0536 -516.0663
-516.0121 -516.0145
-515.9761 -515.9660
-515.9763 -515.9541
-515.9763 -515.9607
-515.9789 -516.0857
-515.9789 -516.0977
-515.9763 -515.9909
-515.9763 -515.9780
-515.9789 -516.0915
-515.9789 -516.0818
-515.9763 -515.9811
-515.9763 -515.8773
-515.9887 -516.0148
-515.9887 -516.0276
-515.9887 -516.0154
-515.9486 -515.9790
-516.0756 -516.0655
-516.0756 -516.0723
-516.0782 -516.1919
-516.0756 -516.0913
-515.9997 -515.9343
-516.0121 -515.9876
-516.0782 -516.2039
-515.9887 -516.0118
-516.0756 -516.0857
-515.9997 -515.8759
-515.9577 -515.8590
-515.9551 -515.9790
-515.9577 -515.8404
-515.9577 -515.9727
-515.9551 -515.9788
-515.9551 -515.9366
-515.9577 -516.0499
-515.9577 -516.0480
-515.9577 -516.0435
-515.9519 -515.7933
-516.0538 -515.8989
-515.9593 -515.8862
-515.9519 -515.8063
-515.9493 -515.7945
-515.9599 -515.8819
-515.9983 -516.0369
-515.9723 -515.8696
-516.0618 -516.0635
-515.9483 -515.8003
-515.9723 -515.8406
-515.9599 -515.8267
-515.9723 -515.8453
-515.9493 -515.8314
-515.9888 -515.9066
-516.0773 -515.9571
-515.9493 -515.8475
-515.9489 -515.8682
-515.9653 -515.8828
-515.9679 -515.8739
-515.9489 -515.8727
-515.9653 -515.9619
-516.0538 -516.0183
-516.0384 -516.1057
-515.9749 -516.0925
-515.9723 -515.8906
-515.9599 -515.8444
-516.0358 -516.0002
-515.9723 -515.9361
-516.1253 -516.1224
-516.0358 -515.8941
-516.0234 -515.8737
-516.0234 -515.9947
-516.0358 -515.9922
-515.9653 -516.0271
-516.1253 -516.2142
-515.9599 -515.8575
-516.0358 -515.9902
-515.9723 -515.9290
-516.0234 -515.9363
-516.0234 -515.9558
-516.1062 -516.0936
-516.0118 -515.9520
-516.0091 -516.0319
-516.0278 -515.9714
-515.9612 -515.9566
-515.9617 -515.9638
-515.9777 -516.0615
-516.0007 -515.9884
-516.0252 -516.0031
-516.0091 -516.0737
-516.0742 -516.1740
-516.0007 -515.9771
-515.9999 -516.0438
-515.9847 -515.9692
-515.9617 -515.8585
-515.9777 -515.9792
-515.9723 -515.9559
-516.1297 -516.0098
-516.0252 -516.0139
-516.0482 -516.0489
-516.0011 -516.0785
-516.1377 -516.2579
-516.0358 -516.0412
-515.9973 -515.9686
-515.9653 -515.9542
-515.9457 -515.9365
-516.0192 -516.0344
-516.1062 -516.1210
-516.0118 -515.9963
-516.0662 -516.1116
-516.0007 -516.0155
-515.9612 -515.9602
-515.9777 -516.0383
-515.9489 -515.9376
-516.1297 -516.1545
-515.9493 -515.9741
-516.0662 -516.1126
-516.0007 -516.0067
-515.9489 -515.9463
-515.9493 -515.9646
-515.9493 -516.0777
-516.0508 -516.1770
-516.0278 -516.1705
-516.0672 -516.2768
-516.1557 -516.3104
-516.0278 -516.1706
-516.0252 -516.0081
-515.9617 -515.9752
-516.0118 -515.9312
-516.0118 -515.9483
-516.0192 -516.1135
-515.9735 -515.9952
-516.0896 -516.1064
-515.9847 -515.9968
-515.9617 -515.9009
-515.9847 -516.0234
-516.0773 -516.0450
-515.9723 -515.9696
-515.9735 -515.9524
-516.1297 -516.0347
-515.9723 -515.8980
-516.0482 -516.0425
-516.0482 -516.0666
-515.9723 -515.9016
-515.9847 -516.0072
-515.9888 -516.0277
-516.2272 -516.4732
-515.9617 -515.9761
-515.9617 -515.9847
-515.9493 -515.9201
-515.9493 -515.9447
-515.9735 -516.0120
-515.9735 -515.9422
-515.9735 -515.9248
-515.9493 -516.0057
-515.9903 -515.9834
-516.0564 -516.1704
-515.9780 -515.8819
-515.9903 -515.9762
-516.0538 -516.0348
-516.0138 -515.9336
-515.9515 -516.0913
-516.0304 -516.0578
-515.9780 -515.9069
-516.0304 -516.0681
-516.1089 -516.1896
-515.9857 -515.9800
-515.9612 -515.9627
-516.1062 -516.1225
-516.1089 -516.2041
-515.9857 -516.0037
-516.0304 -516.0317
-516.0428 -516.0165
-515.9957 -515.9447
-516.0304 -516.1193
-516.0428 -516.0315
-516.0304 -516.1134
-516.1062 -516.1192
-515.9857 -515.9822
-516.0428 -516.0442
-516.1062 -516.1176
-515.9857 -516.0022
-515.9903 -515.9751
-515.9780 -516.0179
-516.0538 -516.0519
-515.9489 -515.9769
-515.9493 -515.9822
-515.9457 -515.8807
-516.0007 -516.0224
-516.1062 -516.1250
-515.9612 -515.9409
-516.0662 -515.9629
-515.9483 -515.8998
-515.9607 -515.9957
-516.0538 -516.0239
-516.0662 -515.9861
-515.9457 -515.8776
-515.9957 -515.9777
-516.0027 -515.9438
-516.0032 -515.9651
-516.0027 -515.9307
-516.1089 -516.2176
-516.0428 -516.0327
-516.0304 -516.0282
-515.9957 -515.9442
-515.9903 -515.9470
-515.9903 -515.9764
-515.9903 -515.9909
-516.0304 -516.0116
-515.9957 -515.9762
-515.9515 -516.0786
-516.1089 -516.2290
-516.0564 -516.1679
-515.9780 -515.9683
-516.0032 -515.9688
-516.0261 -516.0507
-516.0138 -515.9289
-515.9503 -515.8784
-515.9503 -515.9110
-515.9507 -515.8768
-516.1311 -516.1539
