-515.3898 -515.1747
-516.1265 -516.0539
-516.0617 -515.9801
-516.0617 -515.9892
-516.0617 -515.9568
-516.1759 -516.1561
-516.0617 -516.0553
-516.1159 -516.1543
-516.1759 -516.1937
-516.0619 -515.7945
-516.0959 -516.0329
-516.0617 -516.0135
-516.1342 -516.0733
-516.1012 -516.1274
-516.0631 -516.0196
-516.0959 -516.0833
-516.1584 -516.1484
-516.0702 -516.1324
-516.0631 -516.0695
-516.0675 -516.1153
-516.1159 -516.1321
-516.0877 -516.1069
-516.0775 -516.0518
-516.1759 -516.1547
-516.0617 -515.9814
-516.0617 -516.0611
-516.0617 -516.0619
-516.1759 -516.2045
-516.1159 -516.2042
-516.0617 -516.1396
-516.0619 -515.9622
-516.1376 -516.0819
-516.1376 -516.1503
-516.2678 -516.1593
-516.0629 -515.9456
-516.0307 -515.9450
-516.0307 -515.9458
-516.0629 -515.9599
-516.2678 -516.2334
-516.0307 -516.0498
-516.1012 -516.1256
-516.0307 -516.0545
-516.1396 -516.0644
-516.1376 -516.0850
-516.0959 -516.1121
-516.2678 -516.3055
-516.0950 -516.0850
-516.1396 -516.1040
-516.1154 -516.1065
-516.2341 -516.2696
-515.7628 -515.7843
-515.5723 -515.5855
-515.5658 -515.5689
-516.0836 -516.1992
-515.3500 -515.3310
-515.6277 -515.6048
-516.0307 -516.0119
-516.0307 -516.0199
-516.0307 -516.0572
-516.0307 -516.0597
-515.2353 -515.2537
-516.0629 -516.0617
-516.0629 -516.0755
-516.1012 -516.2351
-515.0010 -515.0490
-515.3234 -515.3741
-515.4123 -515.4251
-514.8600 -514.9123
-515.1051 -515.1466
-514.9416 -515.0370
-515.3228 -515.4240
-515.4252 -515.4963
-514.9049 -514.8563
-515.4711 -515.2389
-515.0503 -515.0662
-515.4872 -515.3834
-514.9104 -514.9185
-515.0699 -515.1979
-515.2610 -515.2716
-515.3599 -515.3723
-515.3374 -515.3711
-515.0662 -515.0693
-514.8929 -514.9950
-515.0578 -515.0259
-515.3980 -515.3683
-515.1560 -515.2046
-515.3759 -515.5499
-515.5783 -515.5513
-514.8330 -514.8722
-515.2175 -515.2169
-515.0717 -515.0304
-514.5691 -514.4619
-515.0261 -515.0331
-515.4874 -515.5377
-514.8191 -514.8195
-515.1465 -515.2496
-514.9024 -514.8649
-515.1229 -515.2963
-515.2794 -515.2523
-515.2819 -515.2361
-515.2345 -515.2948
-514.9484 -514.9405
-514.8400 -514.9035
-514.8519 -514.8443
-515.3043 -515.3440
-516.1521 -516.0866
-516.0998 -515.9212
-516.1202 -516.1826
-516.1202 -516.1402
-516.1556 -516.2239
-516.1556 -516.2269
-516.2121 -516.1890
-516.1363 -516.2077
-515.9109 -516.0186
-516.1521 -516.1586
-515.6987 -515.7973
-516.1222 -516.1767
-516.2121 -516.2453
-516.1521 -516.1884
-516.1522 -516.2175
-515.4470 -515.3425
-516.1034 -516.0024
-516.1034 -516.0341
-516.1491 -516.1672
-516.1804 -516.2160
-515.3884 -515.4283
-515.5617 -515.6030
-516.1539 -516.1707
-516.1222 -516.1887
-516.1539 -516.2219
-516.1114 -516.1859
-515.5589 -515.4906
-515.3946 -515.3781
-515.3468 -515.3464
-516.1204 -516.1351
-515.0403 -515.0144
-516.1802 -516.2221
-515.2569 -515.2540
-515.2188 -515.2677
-514.8743 -514.8819
-515.0569 -515.1040
-515.5894 -515.6333
-515.2733 -515.3257
-515.1413 -515.1460
-515.1720 -515.1947
-515.4512 -515.4294
-515.1861 -515.1420
-516.1222 -516.1070
-515.1685 -515.1648
-515.2014 -515.1419
-515.4581 -515.3659
-515.5298 -515.5569
-515.4021 -515.4171
-515.3869 -515.4108
-515.0393 -515.0326
-515.2252 -515.2694
-515.1928 -515.2057
-515.2378 -515.2204
-515.1783 -515.0922
-515.1994 -515.1411
-515.5384 -515.5976
-515.0908 -514.9830
-514.9814 -514.9442
-514.7886 -514.7952
-515.0923 -515.1640
-515.6415 -515.6731
-515.2623 -515.1925
-515.3938 -515.4013
-515.1052 -515.1099
-515.3875 -515.3096
-515.3738 -515.3079
-515.0795 -515.0812
-514.7648 -514.7415
-515.0217 -515.0565
-515.2031 -515.1527
-515.2323 -515.1882
-515.0654 -515.0734
-515.4199 -515.2454
-515.1639 -515.0873
-515.5975 -515.5391
-515.4634 -515.4410
-516.1287 -516.2252
-516.1132 -516.0635
-516.1733 -516.1224
-516.1733 -516.2142
-516.1713 -516.2579
-516.1296 -516.2768
-516.1921 -516.3104
-516.3015 -516.4732
