-516.1487 -516.1522
-516.1487 -516.1283
-515.4036 -515.1747
-516.1249 -515.9491
-516.1387 -516.0539
-516.1032 -516.0657
-516.1227 -516.1389
-516.0665 -515.9801
-516.0665 -515.9892
-516.0665 -515.9568
-516.1895 -516.1561
-516.0665 -516.0553
-516.1365 -516.1543
-516.1895 -516.1937
-516.0729 -515.7945
-516.0894 -516.0329
-516.0665 -516.0135
-516.1631 -516.0733
-516.1128 -516.1274
-516.0582 -516.0196
-516.0894 -516.0833
-516.1525 -516.1484
-516.0658 -516.1324
-516.0582 -516.0695
-516.0498 -516.1153
-516.1365 -516.1321
-516.0974 -516.1069
-516.0628 -516.0518
-516.1895 -516.1547
-516.0665 -515.9814
-516.0665 -516.0611
-516.0665 -516.0619
-516.1895 -516.2045
-516.1365 -516.2042
-516.0665 -516.1396
-516.0729 -515.9622
-516.1158 -516.0819
-516.0665 -516.0976
-516.0657 -515.9940
-516.1158 -516.1503
-516.0628 -516.0925
-516.0692 -516.1298
-516.2562 -516.1593
-516.0392 -515.9456
-516.0191 -515.9450
-516.0191 -515.9458
-516.0392 -515.9599
-516.2562 -516.2334
-516.0191 -516.0498
-516.1128 -516.1256
-516.0455 -515.8573
-516.0191 -516.0545
-516.1186 -516.0644
-516.1158 -516.0850
-516.0894 -516.1121
-516.2562 -516.3055
-516.0720 -516.0850
-516.1186 -516.1040
-516.0970 -516.1065
-516.1932 -516.2696
-515.7854 -515.7843
-515.5930 -515.5855
-515.5989 -515.5689
-516.0832 -516.1992
-515.3590 -515.3310
-515.6514 -515.6048
-516.0191 -516.0119
-516.0191 -516.0199
-516.0191 -516.0572
-516.0191 -516.0597
-515.2183 -515.2537
-516.0455 -515.9379
-516.0392 -516.0617
-516.0392 -516.0755
-516.1128 -516.2351
-515.0040 -515.0490
-515.3542 -515.3741
-515.4039 -515.4251
-514.8400 -514.9123
-515.1163 -515.1466
-514.9441 -515.0370
-515.3028 -515.4240
-515.4170 -515.4963
-514.9090 -514.8563
-515.4919 -515.2389
-515.0446 -515.0662
-515.5174 -515.3834
-514.8957 -514.9185
-515.0531 -515.1979
-515.2419 -515.2716
-515.3427 -515.3723
-515.3040 -515.3711
-515.0669 -515.0693
-514.8693 -514.9950
-515.0581 -515.0259
-515.4063 -515.3683
-515.1496 -515.2046
-515.3379 -515.5499
-515.5781 -515.5513
-514.8247 -514.8722
-515.2143 -515.2169
-515.0725 -515.0304
-514.5688 -514.4619
-515.0152 -515.0331
-515.4748 -515.5377
-514.8053 -514.8195
-515.1455 -515.2496
-514.8876 -514.8649
-515.1146 -515.2963
-515.2779 -515.2523
-515.2770 -515.2361
-515.2397 -515.2948
-514.9301 -514.9405
-514.8262 -514.9035
-514.8500 -514.8443
-515.3014 -515.3440
-516.1253 -516.1105
-516.1517 -516.0866
-516.1232 -515.9212
-516.1162 -516.1036
-516.0987 -516.0741
-516.1071 -516.0656
-516.1379 -516.1826
-516.0953 -516.1297
-516.2115 -516.2405
-516.1724 -516.2096
-516.1379 -516.1402
-516.2037 -516.2239
-516.1508 -516.1937
-516.2037 -516.2269
-516.1508 -516.2033
-516.2046 -516.1890
-516.1553 -516.2077
-515.9381 -516.0186
-516.1517 -516.1586
-515.7354 -515.7973
-516.0987 -516.1496
-516.1407 -516.1767
-516.2046 -516.2453
-516.1517 -516.1884
-516.1580 -516.2175
-515.4462 -515.3425
-516.1114 -516.0024
-516.1114 -516.0341
-516.1600 -516.1672
-516.1942 -516.1823
-516.1205 -516.0812
-516.1205 -516.0827
-516.1942 -516.1926
-516.1551 -516.1571
-516.1205 -516.0733
-516.2080 -516.2011
-516.1205 -516.0914
-516.1205 -516.0763
-516.2080 -516.2694
-516.1205 -516.0886
-516.1205 -516.1100
-516.1205 -516.1125
-516.1205 -516.1346
-516.1205 -516.1056
-516.1407 -516.1659
-516.1275 -516.1824
-516.1275 -516.1475
-516.1205 -516.0875
-516.1407 -516.1421
-516.1205 -516.1011
-516.1972 -516.2160
-515.3831 -515.4283
-515.5701 -515.6030
-516.2080 -516.2723
-516.1689 -516.2340
-516.1343 -516.1680
-516.1481 -516.1707
-516.0952 -516.1348
-516.1407 -516.1887
-516.1481 -516.2219
-516.1016 -516.0798
-516.1016 -516.1219
-516.1016 -516.1749
-516.1407 -516.1395
-516.1689 -516.2295
-516.0679 -515.9572
-516.1322 -516.1859
-515.5650 -515.4906
-515.4220 -515.3781
-516.1288 -516.2784
-516.1899 -516.1965
-516.1162 -516.1186
-516.1162 -516.0919
-516.1162 -516.1610
-516.1899 -516.1984
-515.3446 -515.3464
-516.1241 -516.1642
-516.1241 -516.1750
-516.1241 -516.1970
-516.1442 -516.1351
-516.1241 -516.1821
-516.1269 -516.2505
-515.0414 -515.0144
-516.1908 -516.2221
-516.0725 -516.0872
-515.2444 -515.2540
-515.2304 -515.2677
-514.8602 -514.8819
-515.0549 -515.1040
-515.6013 -515.6333
-515.2881 -515.3257
-516.1551 -516.1454
-515.1564 -515.1460
-516.1269 -516.2141
-515.1717 -515.1947
-516.1343 -516.0661
-516.1205 -516.1413
-516.1205 -516.1306
-515.4619 -515.4294
-515.1968 -515.1420
-516.1205 -516.1633
-516.1407 -516.1070
-516.1205 -516.1647
-516.1205 -516.1712
-516.1343 -516.0626
-516.1205 -516.1171
-515.1864 -515.1648
-515.2092 -515.1419
-516.1275 -516.1018
-515.4808 -515.3659
-515.5664 -515.5569
-515.3933 -515.4171
-515.3794 -515.4108
-515.0367 -515.0326
-515.2353 -515.2694
-515.2103 -515.2057
-515.2359 -515.2204
-515.1805 -515.0922
-515.2003 -515.1411
-515.5385 -515.5976
-515.0938 -514.9830
-514.9796 -514.9442
-514.7929 -514.7952
-515.0896 -515.1640
-515.6617 -515.6731
-515.2754 -515.1925
-515.3881 -515.4013
-515.1002 -515.1099
-515.3894 -515.3096
-515.3926 -515.3079
-515.0723 -515.0812
-514.7646 -514.7415
-515.0285 -515.0565
-515.2078 -515.1527
-515.2371 -515.1882
-515.0645 -515.0734
-515.4201 -515.2454
-515.1629 -515.0873
-515.6073 -515.5391
-515.4766 -515.4410
-516.1350 -516.2252
-516.1212 -516.1919
-516.1212 -516.2039
-516.1287 -516.0635
-516.0917 -515.9571
-516.1816 -516.1224
-516.1816 -516.2142
-516.1142 -516.0936
-516.1258 -516.1740
-516.1280 -516.0098
-516.1788 -516.2579
-516.1142 -516.1210
-516.1280 -516.1545
-516.1524 -516.2768
-516.2155 -516.3104
-516.0888 -516.1064
-516.0917 -516.0450
-516.1280 -516.0347
-516.3192 -516.4732
-516.1516 -516.1704
-516.1879 -516.1896
-516.1142 -516.1225
-516.1879 -516.2041
-516.1142 -516.1192
-516.1142 -516.1176
-516.1142 -516.1250
-516.1879 -516.2176
-516.1879 -516.2290
-516.1516 -516.1679
-516.1393 -516.1539
