-516.0426 -516.0631
-516.0426 -516.0762
-515.9170 -515.6675
-515.9170 -515.6702
-515.9170 -515.7304
-515.9170 -515.7049
-516.0800 -516.1522
-516.0252 -516.0820
-516.0800 -516.1283
-516.0426 -516.0536
-516.0426 -516.0838
-515.9699 -515.8773
-515.4090 -515.1747
-516.0056 -515.9436
-516.0938 -515.9491
-516.0210 -515.8373
-516.0190 -515.9488
-516.0190 -515.9747
-516.0210 -515.8961
-516.1312 -516.0539
-516.0431 -516.0657
-516.0210 -515.9410
-515.9641 -515.8024
-515.9622 -515.8264
-516.0677 -516.1389
-516.0190 -515.9428
-516.0356 -515.9801
-516.0356 -515.9892
-516.0356 -515.9568
-516.1600 -516.1561
-516.0356 -516.0553
-516.1052 -516.1543
-516.1600 -516.1937
-516.0182 -515.7945
-516.0751 -516.0329
-516.0356 -516.0135
-516.0739 -516.0733
-516.0704 -516.1274
-516.0779 -516.0196
-516.0751 -516.0833
-516.1686 -516.1484
-516.0422 -516.1324
-516.0779 -516.0695
-516.0276 -516.1153
-515.9724 -515.8431
-516.1052 -516.1321
-516.0878 -516.1069
-516.1064 -516.0518
-516.1600 -516.1547
-516.0356 -515.9814
-516.0356 -516.0611
-516.0356 -516.0619
-516.1600 -516.2045
-516.1052 -516.2042
-516.0356 -516.1396
-516.0182 -515.9622
-516.1612 -516.0819
-516.0356 -516.0976
-516.0870 -515.9940
-516.1612 -516.1503
-516.1064 -516.0925
-516.0889 -516.1298
-516.2523 -516.1593
-516.0716 -515.9456
-516.0128 -515.9450
-516.0128 -515.9458
-516.0716 -515.9599
-516.2523 -516.2334
-516.0128 -516.0498
-516.0704 -516.1256
-516.0541 -515.8573
-516.0128 -516.0545
-516.1418 -516.0644
-516.1612 -516.0850
-516.0751 -516.1121
-516.2523 -516.3055
-516.1154 -516.0850
-516.1418 -516.1040
-516.1248 -516.1065
-516.2095 -516.2696
-515.7394 -515.7843
-515.5658 -515.5855
-516.0468 -516.1324
-515.5669 -515.5689
-516.0468 -516.2211
-516.0874 -516.1992
-515.3812 -515.3310
-515.6246 -515.6048
-516.0128 -516.0119
-516.0128 -516.0199
-516.0128 -516.0572
-516.0128 -516.0597
-515.1757 -515.2537
-516.0541 -515.9379
-516.0716 -516.0617
-516.0716 -516.0755
-516.0704 -516.2351
-514.9417 -515.0490
-515.2870 -515.3741
-515.4094 -515.4251
-514.8417 -514.9123
-515.0971 -515.1466
-514.9237 -515.0370
-515.3314 -515.4240
-515.4155 -515.4963
-514.8761 -514.8563
-515.4314 -515.2389
-515.0631 -515.0662
-515.4190 -515.3834
-514.8787 -514.9185
-515.0316 -515.1979
-515.2143 -515.2716
-515.3427 -515.3723
-515.3423 -515.3711
-515.0218 -515.0693
-514.8728 -514.9950
-515.0382 -515.0259
-515.3762 -515.3683
-515.1162 -515.2046
-515.3430 -515.5499
-515.6002 -515.5513
-514.7503 -514.8722
-515.2027 -515.2169
-515.0671 -515.0304
-514.5218 -514.4619
-515.0250 -515.0331
-515.4789 -515.5377
-514.8174 -514.8195
-515.1297 -515.2496
-514.8792 -514.8649
-515.1348 -515.2963
-515.2650 -515.2523
-515.3063 -515.2361
-515.2135 -515.2948
-514.9710 -514.9405
-514.8031 -514.9035
-514.8317 -514.8443
-515.3237 -515.3440
-516.1138 -516.0111
-516.0190 -516.0049
-516.1138 -516.0974
-516.0715 -516.0592
-516.1110 -516.1105
-515.9965 -515.8561
-516.1971 -516.0866
-516.0849 -515.9212
-516.1090 -516.1036
-516.1423 -516.0741
-516.0521 -516.1439
-516.0541 -516.1528
-516.1127 -516.0656
-516.0744 -516.2094
-516.0257 -515.9861
-516.0166 -515.8276
-516.0735 -516.1738
-516.1597 -516.1826
-516.0956 -516.1297
-516.0735 -516.2227
-516.1585 -516.2405
-516.0341 -516.0578
-516.0341 -516.1539
-516.0341 -516.1331
-516.0475 -515.9058
-516.1411 -516.2096
-516.1597 -516.1402
-516.0541 -516.1681
-516.1667 -516.2239
-516.1119 -516.1937
-516.1667 -516.2269
-516.1119 -516.2033
-516.0249 -516.1255
-516.2520 -516.1890
-516.1264 -516.2077
-515.9081 -516.0186
-516.0541 -515.9964
-516.1971 -516.1586
-515.7189 -515.7973
-516.1423 -516.1496
-516.1403 -516.1767
-516.0854 -516.1652
-516.2520 -516.2453
-516.1971 -516.1884
-516.1797 -516.2175
-516.0249 -516.1599
-515.4487 -515.3425
-516.1054 -516.0024
-516.1054 -516.0341
-516.1676 -516.1672
-516.1191 -516.1823
-516.0322 -516.0845
-516.0476 -515.9152
-516.0943 -516.1428
-516.1203 -516.0812
-516.1203 -516.0827
-516.1191 -516.1926
-516.1017 -516.1571
-516.0147 -515.9941
-516.1203 -516.0733
-515.9726 -515.7260
-516.1565 -516.2011
-516.1203 -516.0914
-516.0561 -515.9715
-515.9862 -515.7832
-516.0147 -515.9240
-516.0322 -516.0764
-516.1203 -516.0763
-516.0322 -516.0699
-516.0322 -516.1000
-516.1565 -516.2694
-516.1203 -516.0886
-516.1203 -516.1100
-516.1203 -516.1125
-516.1203 -516.1346
-516.1203 -516.1056
-516.1403 -516.1659
-516.1033 -516.1824
-516.0476 -516.0348
-516.1033 -516.1475
-516.0943 -516.0804
-516.1203 -516.0875
-516.1403 -516.1421
-516.1203 -516.1011
-516.1971 -516.2160
-515.9827 -515.9408
-516.0147 -515.9368
-516.0147 -515.9677
-515.3765 -515.4283
-515.5796 -515.6030
-516.0322 -516.0231
-516.1565 -516.2723
-516.0322 -516.0751
-516.0322 -516.1510
-516.1391 -516.2340
-516.1577 -516.1680
-516.1952 -516.1707
-516.1403 -516.1348
-516.1403 -516.1887
-516.1952 -516.2219
-516.1229 -516.0798
-516.1229 -516.1219
-516.1229 -516.1749
-516.1403 -516.1395
-516.1391 -516.2295
-516.0513 -515.9572
-516.0859 -516.1464
-516.1317 -516.1859
-515.5537 -515.4906
-515.4610 -515.3781
-516.0850 -516.2784
-516.0744 -516.0888
-516.0452 -516.1207
-516.0452 -516.1548
-516.1293 -516.1965
-516.1305 -516.1186
-516.1305 -516.0919
-516.1305 -516.1610
-516.1130 -516.0977
-516.1293 -516.1984
-515.3418 -515.3464
-516.1223 -516.1642
-516.1223 -516.1750
-516.1223 -516.1970
-516.1422 -516.1351
-516.1223 -516.1821
-516.1028 -516.2052
-516.1028 -516.2505
-515.0625 -515.0144
-516.2145 -516.2221
-516.1314 -516.0872
-515.2908 -515.2540
-516.0725 -516.1229
-515.2493 -515.2677
-514.8718 -514.8819
-515.1224 -515.1040
-516.0725 -516.0803
-516.0551 -516.0200
-516.0725 -516.1051
-516.0725 -516.1480
-515.5660 -515.6333
-515.2748 -515.3257
-516.1017 -516.1454
-515.1120 -515.1460
-516.1028 -516.2141
-515.1825 -515.1947
-516.1577 -516.0661
-516.1203 -516.1413
-516.1203 -516.1306
-515.4457 -515.4294
-516.1017 -516.1451
-515.1822 -515.1420
-516.1028 -516.1806
-516.1203 -516.1738
-516.1203 -516.1633
-516.1403 -516.1070
-516.1203 -516.1647
-516.1203 -516.1712
-516.1577 -516.0626
-516.1577 -516.1545
-516.1577 -516.1401
-516.1203 -516.1185
-516.1203 -516.1317
-516.1203 -516.1171
-516.1203 -516.1125
-515.1690 -515.1648
-515.2297 -515.1419
-516.1033 -516.0803
-516.1033 -516.1018
-515.4714 -515.3659
-515.5324 -515.5569
-515.4164 -515.4171
-515.3732 -515.4108
-515.0420 -515.0326
-515.2278 -515.2694
-515.2352 -515.2057
-515.2750 -515.2204
-515.1292 -515.0922
-515.1953 -515.1411
-515.5374 -515.5976
-515.1416 -514.9830
-515.0037 -514.9442
-514.7822 -514.7952
-515.1031 -515.1640
-515.6587 -515.6731
-515.2928 -515.1925
-515.3825 -515.4013
-515.1155 -515.1099
-515.4408 -515.3096
-515.4148 -515.3079
-515.1129 -515.0812
-514.8127 -514.7415
-515.0405 -515.0565
-515.2853 -515.1527
-515.2531 -515.1882
-515.0562 -515.0734
-515.4441 -515.2454
-515.1920 -515.0873
-515.6640 -515.5391
-515.4902 -515.4410
-516.1582 -516.2252
-516.1207 -516.1919
-516.1207 -516.2039
-516.1298 -516.0635
-516.1384 -515.9571
-516.0062 -515.8739
-516.0923 -516.1057
-516.1846 -516.1224
-516.1846 -516.2142
-516.1378 -516.0936
-516.0650 -515.9714
-516.1492 -516.1740
-516.1752 -516.0098
-516.2040 -516.2579
-516.1378 -516.1210
-516.1752 -516.1545
-516.1117 -516.1770
-516.0650 -516.1705
-516.1179 -516.2768
-516.2114 -516.3104
-516.0650 -516.1706
-516.1578 -516.1064
-516.1384 -516.0450
-516.1752 -516.0347
-516.2951 -516.4732
-516.0997 -516.1704
-516.1366 -516.1896
-516.1378 -516.1225
-516.1366 -516.2041
-516.1378 -516.1192
-516.1378 -516.1176
-516.1378 -516.1250
-516.1366 -516.2176
-516.1366 -516.2290
-516.0997 -516.1679
-516.2027 -516.1539
