-516.0451 -516.0631
-516.0451 -516.0762
-515.9365 -515.6675
-515.9365 -515.6702
-515.9365 -515.7304
-515.9365 -515.7049
-516.0783 -516.1522
-516.0186 -516.0820
-516.0783 -516.1283
-516.0451 -516.0536
-516.0451 -516.0838
-515.9894 -515.8773
-515.4119 -515.1747
-516.0153 -515.9436
-516.0907 -515.9491
-516.0351 -515.8373
-516.0283 -515.9488
-516.0283 -515.9747
-516.0351 -515.8961
-516.1239 -516.0539
-516.0485 -516.0657
-516.0351 -515.9410
-515.9867 -515.8024
-515.9803 -515.8264
-516.0639 -516.1389
-516.0283 -515.9428
-516.0365 -515.9801
-516.0365 -515.9892
-516.0365 -515.9568
-516.1567 -516.1561
-516.0365 -516.0553
-516.0970 -516.1543
-516.1567 -516.1937
-516.0280 -515.7945
-516.0764 -516.0329
-516.0365 -516.0135
-516.0880 -516.0733
-516.0727 -516.1274
-516.0713 -516.0196
-516.0764 -516.0833
-516.1571 -516.1484
-516.0482 -516.1324
-516.0713 -516.0695
-516.0417 -516.1153
-516.0018 -515.8431
-516.0970 -516.1321
-516.0706 -516.1069
-516.0855 -516.0518
-516.1567 -516.1547
-516.0365 -515.9814
-516.0365 -516.0611
-516.0365 -516.0619
-516.1567 -516.2045
-516.0970 -516.2042
-516.0365 -516.1396
-516.0280 -515.9622
-516.1451 -516.0819
-516.0365 -516.0976
-516.0707 -515.9940
-516.1451 -516.1503
-516.0855 -516.0925
-516.0770 -516.1298
-516.2496 -516.1593
-516.0611 -515.9456
-516.0064 -515.9450
-516.0064 -515.9458
-516.0611 -515.9599
-516.2496 -516.2334
-516.0064 -516.0498
-516.0727 -516.1256
-516.0527 -515.8573
-516.0064 -516.0545
-516.1304 -516.0644
-516.1451 -516.0850
-516.0764 -516.1121
-516.2496 -516.3055
-516.1045 -516.0850
-516.1304 -516.1040
-516.1197 -516.1065
-516.2186 -516.2696
-515.7424 -515.7843
-515.5654 -515.5855
-516.0406 -516.1324
-515.5695 -515.5689
-516.0406 -516.2211
-516.0865 -516.1992
-515.3588 -515.3310
-515.6181 -515.6048
-516.0064 -516.0119
-516.0064 -516.0199
-516.0064 -516.0572
-516.0064 -516.0597
-515.1967 -515.2537
-516.0527 -515.9379
-516.0611 -516.0617
-516.0611 -516.0755
-516.0727 -516.2351
-514.9620 -515.0490
-515.3001 -515.3741
-515.4044 -515.4251
-514.8402 -514.9123
-515.0850 -515.1466
-514.9265 -515.0370
-515.3143 -515.4240
-515.3901 -515.4963
-514.8759 -514.8563
-515.4284 -515.2389
-515.0573 -515.0662
-515.4280 -515.3834
-514.8782 -514.9185
-515.0421 -515.1979
-515.2202 -515.2716
-515.3492 -515.3723
-515.3420 -515.3711
-515.0303 -515.0693
-514.8715 -514.9950
-515.0374 -515.0259
-515.3787 -515.3683
-515.1247 -515.2046
-515.3464 -515.5499
-515.5799 -515.5513
-514.7635 -514.8722
-515.1909 -515.2169
-515.0434 -515.0304
-514.5305 -514.4619
-515.0230 -515.0331
-515.4751 -515.5377
-514.7977 -514.8195
-515.1137 -515.2496
-514.8850 -514.8649
-515.1295 -515.2963
-515.2530 -515.2523
-515.2787 -515.2361
-515.2326 -515.2948
-514.9772 -514.9405
-514.8185 -514.9035
-514.8495 -514.8443
-515.3216 -515.3440
-516.0674 -515.9529
-516.1006 -516.0111
-516.0674 -516.0432
-516.0314 -516.0049
-516.1006 -516.0974
-516.0658 -516.0592
-516.1057 -516.1105
-516.0007 -515.8561
-516.0583 -515.9076
-516.1744 -516.0866
-516.0788 -515.9212
-516.0990 -516.1036
-516.1147 -516.0741
-516.0510 -516.1439
-516.0904 -516.0882
-516.0573 -516.1528
-516.0911 -516.0656
-516.0915 -515.9737
-516.0751 -516.2094
-516.0396 -515.9861
-516.0241 -515.8276
-516.0725 -516.1738
-516.0815 -516.1177
-516.1412 -516.1826
-516.0859 -516.1297
-516.0725 -516.2227
-516.0583 -515.9924
-516.1528 -516.2405
-516.0326 -516.0578
-516.0326 -516.1539
-516.0326 -516.1331
-516.0456 -515.9058
-516.1263 -516.2096
-516.1412 -516.1402
-516.0815 -516.1380
-516.0573 -516.1681
-516.1680 -516.2239
-516.1083 -516.1937
-516.1680 -516.2269
-516.1083 -516.2033
-516.0393 -516.1255
-516.2341 -516.1890
-516.0703 -515.9519
-516.0740 -516.0404
-516.1255 -516.2077
-515.9050 -516.0186
-516.0573 -515.9964
-516.1744 -516.1586
-515.7043 -515.7973
-516.1147 -516.1496
-516.1264 -516.1767
-516.0668 -516.1652
-516.0463 -516.0435
-516.2341 -516.2453
-516.0463 -516.0302
-516.1744 -516.1884
-516.1660 -516.2175
-516.0393 -516.1599
-515.4396 -515.3425
-516.1017 -516.0024
-516.1017 -516.0341
-516.0463 -515.9575
-516.1508 -516.1672
-516.0463 -515.9416
-516.1133 -516.1823
-516.0263 -516.0845
-516.0460 -515.9152
-516.0748 -516.1428
-516.1017 -516.0812
-516.1017 -516.0827
-516.1133 -516.1926
-516.0868 -516.1571
-516.0178 -515.9941
-516.1017 -516.0733
-515.9809 -515.7260
-516.1465 -516.2011
-516.1017 -516.0914
-516.0640 -515.9715
-516.0177 -515.7832
-516.0178 -515.9240
-516.0263 -516.0764
-516.1017 -516.0763
-516.0263 -516.0699
-516.0263 -516.1000
-516.1465 -516.2694
-516.1017 -516.0886
-516.0752 -515.8541
-516.0752 -515.9965
-516.0604 -516.0023
-516.1017 -516.1100
-516.1017 -516.1125
-516.0604 -516.1061
-516.1017 -516.1346
-516.1017 -516.1056
-516.1264 -516.1659
-516.0938 -516.1824
-516.0460 -516.0348
-516.0938 -516.1475
-516.0748 -516.0804
-516.1017 -516.0875
-516.1264 -516.1421
-516.0604 -516.0213
-516.1017 -516.1011
-516.1925 -516.2160
-516.0024 -515.9408
-516.0178 -515.9368
-516.0178 -515.9677
-516.0752 -516.0299
-516.0483 -516.1065
-516.0752 -515.9369
-515.3730 -515.4283
-515.5520 -515.6030
-516.0752 -516.1566
-516.0604 -516.0424
-516.0752 -516.0401
-516.0263 -516.0231
-516.1465 -516.2723
-516.0263 -516.0751
-516.0263 -516.1610
-516.0263 -516.1510
-516.0604 -516.0370
-516.0752 -516.0810
-516.1200 -516.2340
-516.0487 -516.0562
-516.1349 -516.1680
-516.0752 -516.1536
-516.0604 -516.1081
-516.0752 -516.0488
-516.0668 -516.1397
-516.0510 -516.1516
-516.1681 -516.1707
-516.0595 -516.1663
-516.1084 -516.1348
-516.0487 -516.1151
-516.1264 -516.1887
-516.0668 -516.1595
-516.0604 -516.1249
-516.1681 -516.2219
-516.1000 -516.0798
-516.1000 -516.1219
-516.0668 -516.1271
-516.1000 -516.1749
-516.0510 -515.9893
-516.1264 -516.1395
-516.0604 -516.0753
-516.1200 -516.2295
-516.0487 -515.9892
-516.0752 -515.9402
-516.0507 -515.9572
-516.0674 -516.1464
-516.1080 -516.1859
-515.5493 -515.4906
-515.4293 -515.3781
-516.0676 -516.1355
-516.0676 -516.1465
-516.0792 -516.2784
-516.0751 -516.0888
-516.0571 -516.1207
-516.0571 -516.1548
-516.1348 -516.1965
-516.0635 -516.0056
-516.1232 -516.1186
-516.1232 -516.0919
-516.1232 -516.1610
-516.1147 -516.0977
-516.1348 -516.1984
-515.3566 -515.3464
-516.1080 -516.1642
-516.1080 -516.1750
-516.0668 -516.0796
-516.1080 -516.1970
-516.1328 -516.1351
-516.1080 -516.1821
-516.0932 -516.2052
-516.0932 -516.2505
-516.0124 -515.7172
-516.0696 -516.0376
-515.0492 -515.0144
-516.0617 -515.8712
-516.2009 -516.2221
-516.1060 -516.0872
-515.2885 -515.2540
-516.0688 -516.1229
-515.2393 -515.2677
-514.8875 -514.8819
-515.1096 -515.1040
-516.0688 -516.0803
-516.0423 -516.0200
-516.0688 -516.1051
-516.0688 -516.1480
-516.0572 -516.0836
-516.0688 -516.1480
-515.5788 -515.6333
-515.2697 -515.3257
-516.0868 -516.1454
-515.1215 -515.1460
-516.0932 -516.2141
-515.1766 -515.1947
-516.1349 -516.0661
-516.0752 -516.0388
-516.0632 -516.0783
-516.1017 -516.1413
-516.1017 -516.1306
-515.4341 -515.4294
-516.0868 -516.1451
-516.0752 -516.0475
-516.0668 -516.0404
-516.0668 -516.0778
-515.1801 -515.1420
-516.0932 -516.1806
-516.1017 -516.1738
-516.1017 -516.1633
-516.0752 -516.0253
-516.1264 -516.1070
-516.1017 -516.1647
-516.1017 -516.1712
-516.1349 -516.0626
-516.1349 -516.1545
-516.0752 -516.0991
-516.1349 -516.1401
-516.1017 -516.1185
-516.1017 -516.1317
-516.1017 -516.1171
-516.1017 -516.1125
-515.1863 -515.1648
-515.2348 -515.1419
-516.0938 -516.0803
-516.0938 -516.1018
-515.4620 -515.3659
-515.5331 -515.5569
-515.3941 -515.4171
-515.3621 -515.4108
-515.0485 -515.0326
-515.2412 -515.2694
-515.2124 -515.2057
-515.2790 -515.2204
-515.1489 -515.0922
-515.1941 -515.1411
-515.5380 -515.5976
-515.1269 -514.9830
-515.0055 -514.9442
-514.7922 -514.7952
-515.1059 -515.1640
-515.6439 -515.6731
-515.2761 -515.1925
-515.3776 -515.4013
-515.1259 -515.1099
-515.4263 -515.3096
-515.3870 -515.3079
-515.1052 -515.0812
-514.8110 -514.7415
-515.0389 -515.0565
-515.2542 -515.1527
-515.2483 -515.1882
-515.0562 -515.0734
-515.4183 -515.2454
-515.1880 -515.0873
-515.6225 -515.5391
-515.4683 -515.4410
-516.0758 -516.1419
-516.1355 -516.2252
-516.0762 -516.0663
-516.0907 -516.0655
-516.0907 -516.0723
-516.1023 -516.1919
-516.0907 -516.0913
-516.1023 -516.2039
-516.0907 -516.0857
-516.0689 -515.8989
-516.0420 -516.0369
-516.1017 -516.0635
-516.1021 -515.9571
-515.9998 -515.8739
-516.0689 -516.0183
-516.0685 -516.1057
-516.0569 -516.0002
-516.1614 -516.1224
-516.0569 -515.8941
-516.0421 -515.8737
-516.0421 -515.9947
-516.0569 -515.9922
-516.1614 -516.2142
-516.0569 -515.9902
-516.0421 -515.9363
-516.0421 -515.9558
-516.1102 -516.0936
-516.0545 -515.9714
-516.1165 -516.1740
-516.1434 -516.0098
-516.0717 -516.0489
-516.1762 -516.2579
-516.0569 -516.0412
-516.1102 -516.1210
-516.0837 -516.1116
-516.1434 -516.1545
-516.0837 -516.1126
-516.0833 -516.1770
-516.0545 -516.1705
-516.1075 -516.2768
-516.1882 -516.3104
-516.0545 -516.1706
-516.1169 -516.1064
-516.1021 -516.0450
-516.1434 -516.0347
-516.0717 -516.0425
-516.0717 -516.0666
-516.2807 -516.4732
-516.0805 -516.1704
-516.0689 -516.0348
-516.0424 -515.9336
-516.1218 -516.1896
-516.1102 -516.1225
-516.1218 -516.2041
-516.0505 -516.0165
-516.0505 -516.0315
-516.1102 -516.1192
-516.0505 -516.0442
-516.1102 -516.1176
-516.0689 -516.0519
-516.1102 -516.1250
-516.0837 -515.9629
-516.0689 -516.0239
-516.0837 -515.9861
-516.1218 -516.2176
-516.0505 -516.0327
-516.1218 -516.2290
-516.0805 -516.1679
-516.0572 -516.0507
-516.0424 -515.9289
-516.1621 -516.1539
