-516.0434 -516.0631
-516.0434 -516.0762
-515.9394 -515.6675
-515.9394 -515.6702
-515.9394 -515.7304
-515.9394 -515.7049
-516.0754 -516.1522
-516.0163 -516.0820
-516.0754 -516.1283
-516.0434 -516.0536
-516.0434 -516.0838
-515.9912 -515.8773
-515.4054 -515.1747
-516.0154 -515.9436
-516.0873 -515.9491
-516.0352 -515.8373
-516.0279 -515.9488
-516.0279 -515.9747
-516.0352 -515.8961
-516.1194 -516.0539
-516.0475 -516.0657
-516.0352 -515.9410
-515.9883 -515.8024
-515.9854 -515.8264
-516.0605 -516.1389
-516.0279 -515.9428
-516.0447 -516.0390
-516.0320 -515.9801
-516.0320 -515.9892
-516.0320 -515.9568
-516.1516 -516.1561
-516.0447 -515.9512
-516.0343 -515.9701
-516.0320 -516.0553
-516.0925 -516.1543
-516.0447 -515.9906
-516.1516 -516.1937
-516.0244 -515.7945
-516.0713 -516.0329
-516.0464 -515.9341
-516.0320 -516.0135
-516.0870 -516.0733
-516.0662 -516.1274
-516.0663 -516.0196
-516.0447 -515.9798
-516.0343 -516.0044
-516.0447 -515.9864
-516.0713 -516.0833
-516.1514 -516.1484
-516.0440 -516.1324
-516.0663 -516.0695
-516.0349 -516.1153
-516.0045 -515.8431
-516.0925 -516.1321
-516.0655 -516.1069
-516.0768 -516.0518
-516.1516 -516.1547
-516.0320 -515.9814
-516.0320 -516.0611
-516.0320 -516.0619
-516.1516 -516.2045
-516.0925 -516.2042
-516.0320 -516.1396
-516.0244 -515.9622
-516.1359 -516.0819
-516.0320 -516.0976
-516.0664 -515.9940
-516.1359 -516.1503
-516.0768 -516.0925
-516.0693 -516.1298
-516.2428 -516.1593
-516.0505 -515.9456
-516.0007 -515.9450
-516.0007 -515.9458
-516.0505 -515.9599
-516.2428 -516.2334
-516.0007 -516.0498
-516.0662 -516.1256
-516.0429 -515.8573
-516.0007 -516.0545
-516.1255 -516.0644
-516.1359 -516.0850
-516.0713 -516.1121
-516.2428 -516.3055
-516.0984 -516.0850
-516.1255 -516.1040
-516.1107 -516.1065
-516.2115 -516.2696
-515.7416 -515.7843
-515.5658 -515.5855
-516.0399 -516.1324
-515.5673 -515.5689
-516.0399 -516.2211
-516.0786 -516.1992
-515.3478 -515.3310
-515.6092 -515.6048
-516.0007 -516.0119
-516.0007 -516.0199
-516.0007 -516.0572
-516.0007 -516.0597
-515.1978 -515.2537
-516.0429 -515.9379
-516.0505 -516.0617
-516.0464 -516.0197
-516.0505 -516.0755
-516.0662 -516.2351
-514.9715 -515.0490
-515.3028 -515.3741
-515.4035 -515.4251
-514.8407 -514.9123
-515.0853 -515.1466
-514.9353 -515.0370
-515.3115 -515.4240
-515.3886 -515.4963
-514.8809 -514.8563
-515.4321 -515.2389
-515.0495 -515.0662
-515.4251 -515.3834
-514.8786 -514.9185
-515.0424 -515.1979
-515.2199 -515.2716
-515.3484 -515.3723
-515.3267 -515.3711
-515.0215 -515.0693
-514.8812 -514.9950
-515.0372 -515.0259
-515.3672 -515.3683
-515.1167 -515.2046
-515.3386 -515.5499
-515.5722 -515.5513
-514.7678 -514.8722
-515.1871 -515.2169
-515.0422 -515.0304
-514.5310 -514.4619
-515.0299 -515.0331
-515.4740 -515.5377
-514.8003 -514.8195
-515.1154 -515.2496
-514.8792 -514.8649
-515.1264 -515.2963
-515.2478 -515.2523
-515.2635 -515.2361
-515.2257 -515.2948
-514.9828 -514.9405
-514.8151 -514.9035
-514.8486 -514.8443
-515.3129 -515.3440
-516.0607 -515.9529
-516.0928 -516.0111
-516.0607 -516.0432
-516.0284 -516.0049
-516.0928 -516.0974
-516.0386 -516.0857
-516.0584 -516.0592
-516.0386 -516.0280
-516.0251 -515.8938
-516.0978 -516.1105
-515.9939 -515.8561
-516.0506 -515.9076
-516.1624 -516.0866
-516.0709 -515.9212
-516.0905 -516.1036
-516.1033 -516.0741
-516.0314 -515.9033
-516.0480 -516.1439
-516.0769 -516.0882
-516.0509 -516.1528
-516.0301 -515.9711
-516.0301 -515.8102
-516.0829 -516.0656
-516.0827 -515.9737
-516.0391 -516.0848
-516.0710 -516.2094
-516.0384 -515.9861
-516.0188 -515.8276
-516.0657 -516.1738
-516.0712 -516.1177
-516.1303 -516.1826
-516.0251 -516.0201
-516.0780 -516.1297
-516.0657 -516.2227
-516.0506 -515.9924
-516.1460 -516.2405
-516.0263 -516.0578
-516.0263 -516.1539
-516.0263 -516.1331
-516.0388 -515.9058
-516.1190 -516.2096
-516.1303 -516.1402
-516.0712 -516.1380
-516.0509 -516.1681
-516.1622 -516.2239
-516.0425 -516.0492
-516.0425 -516.1597
-516.0425 -516.0697
-516.1031 -516.1937
-516.1622 -516.2269
-516.1031 -516.2033
-516.0425 -516.1196
-516.0350 -516.1255
-516.0373 -515.8606
-516.2215 -516.1890
-516.0573 -515.9519
-516.0625 -516.0404
-516.1175 -516.2077
-515.8927 -516.0186
-516.0509 -515.9964
-516.1624 -516.1586
-515.6927 -515.7973
-516.1033 -516.1496
-516.0427 -516.1012
-516.0373 -516.0872
-516.1199 -516.1767
-516.0608 -516.1652
-516.0351 -516.0435
-516.2215 -516.2453
-516.0351 -516.0302
-516.1624 -516.1884
-516.1549 -516.2175
-516.0350 -516.1599
-515.4394 -515.3425
-516.0892 -516.0024
-516.0892 -516.0341
-516.0469 -516.0117
-516.0469 -516.0401
-516.0351 -515.9575
-516.1420 -516.1672
-516.0351 -515.9416
-516.1111 -516.1823
-516.0235 -516.0845
-516.0432 -515.9152
-516.0685 -516.1428
-516.0954 -516.0812
-516.0954 -516.0827
-516.0275 -515.9867
-516.0362 -515.9343
-516.0362 -516.0000
-516.1111 -516.1926
-516.0840 -516.1571
-516.0159 -515.9941
-516.0954 -516.0733
-515.9787 -515.7260
-516.0362 -515.9971
-516.1431 -516.2011
-516.0362 -516.0590
-516.0954 -516.0914
-516.0582 -515.9715
-516.0186 -515.7832
-516.0159 -515.9240
-516.0235 -516.0764
-516.0954 -516.0763
-516.0235 -516.0699
-516.0235 -516.1000
-516.1431 -516.2694
-516.0954 -516.0886
-516.0683 -515.8541
-516.0683 -515.9965
-516.0579 -516.0023
-516.0954 -516.1100
-516.0954 -516.1125
-516.0579 -516.1061
-516.0954 -516.1346
-516.0954 -516.1056
-516.1199 -516.1659
-516.0275 -516.0139
-516.0901 -516.1824
-516.0432 -516.0348
-516.0901 -516.1475
-516.0685 -516.0804
-516.0954 -516.0875
-516.0275 -516.0266
-516.1199 -516.1421
-516.0579 -516.0213
-516.0954 -516.1011
-516.1819 -516.2160
-515.9978 -515.9408
-516.0159 -515.9368
-516.0159 -515.9677
-516.0362 -515.9825
-516.0683 -516.0299
-516.0415 -516.1065
-516.0683 -515.9369
-515.3693 -515.4283
-515.5500 -515.6030
-516.0362 -516.1209
-516.0683 -516.1566
-516.0358 -516.0159
-516.0362 -515.9920
-516.0579 -516.0424
-516.0683 -516.0401
-516.0235 -516.0231
-516.1431 -516.2723
-516.0235 -516.0751
-516.0235 -516.1610
-516.0235 -516.1510
-516.0358 -516.0746
-516.0579 -516.0370
-516.0683 -516.0810
-516.1161 -516.2340
-516.0309 -515.9634
-516.0413 -516.0562
-516.1274 -516.1680
-516.0683 -516.1536
-516.0579 -516.1081
-516.0683 -516.0488
-516.0309 -516.0389
-516.0608 -516.1397
-516.0480 -516.1516
-516.1595 -516.1707
-516.0555 -516.1663
-516.1004 -516.1348
-516.0413 -516.1151
-516.1199 -516.1887
-516.0608 -516.1595
-516.0323 -516.0178
-516.0579 -516.1249
-516.1595 -516.2219
-516.0929 -516.0798
-516.0929 -516.1219
-516.0608 -516.1271
-516.0929 -516.1749
-516.0352 -516.0537
-516.0480 -515.9893
-516.1199 -516.1395
-516.0579 -516.0753
-516.1161 -516.2295
-516.0413 -515.9892
-516.0449 -516.0959
-516.0683 -515.9402
-516.0521 -516.0133
-516.0445 -515.9572
-516.0521 -516.0413
-516.0631 -516.1464
-516.1006 -516.1859
-516.0449 -516.0509
-515.5470 -515.4906
-515.4219 -515.3781
-516.0521 -515.9928
-516.0596 -516.1355
-516.0596 -516.1465
-516.0753 -516.2784
-516.0710 -516.0888
-516.0551 -516.1207
-516.0551 -516.1548
-516.1301 -516.1965
-516.0553 -516.0056
-516.1144 -516.1186
-516.1144 -516.0919
-516.0449 -515.9942
-516.1144 -516.1610
-516.1069 -516.0977
-516.1301 -516.1984
-515.3579 -515.3464
-516.0251 -516.0219
-516.0251 -516.0397
-516.0448 -516.0596
-516.0391 -515.9804
-516.0982 -516.1642
-516.0982 -516.1750
-516.0608 -516.0796
-516.0982 -516.1970
-516.1228 -516.1351
-516.0982 -516.1821
-516.0878 -516.2052
-516.0878 -516.2505
-516.0068 -515.7172
-516.0253 -515.8220
-516.0557 -516.0376
-515.0416 -515.0144
-516.0438 -515.8712
-516.1894 -516.2221
-516.0942 -516.0872
-515.2893 -515.2540
-516.0681 -516.1229
-515.2356 -515.2677
-514.8912 -514.8819
-515.1081 -515.1040
-516.0681 -516.0803
-516.0411 -516.0200
-516.0681 -516.1051
-516.0681 -516.1480
-516.0524 -516.0836
-516.0524 -515.9676
-516.0681 -516.1480
-516.0524 -515.9280
-516.0524 -515.8992
-515.5827 -515.6333
-515.2696 -515.3257
-516.0840 -516.1454
-515.1219 -515.1460
-516.0878 -516.2141
-515.1793 -515.1947
-516.1274 -516.0661
-516.0683 -516.0388
-516.0528 -516.0783
-516.0954 -516.1413
-516.0954 -516.1306
-515.4332 -515.4294
-516.0362 -515.9722
-516.0840 -516.1451
-516.0683 -516.0475
-516.0608 -516.0404
-516.0608 -516.0778
-515.1850 -515.1420
-516.0878 -516.1806
-516.0954 -516.1738
-516.0954 -516.1633
-516.0683 -516.0654
-516.0683 -516.0253
-516.1199 -516.1070
-516.0579 -516.0603
-516.0954 -516.1647
-516.0954 -516.1712
-516.1274 -516.0626
-516.0579 -516.0566
-516.0683 -516.0054
-516.1274 -516.1545
-516.0322 -516.0248
-516.0322 -515.9543
-516.0683 -516.0991
-516.1274 -516.1401
-516.0954 -516.1185
-516.0954 -516.1317
-516.0579 -516.0444
-516.0954 -516.1171
-516.0954 -516.1125
-516.0744 -516.0565
-516.0744 -516.0492
-515.1874 -515.1648
-515.2345 -515.1419
-516.0310 -516.0515
-516.0901 -516.0803
-516.0901 -516.1018
-515.4594 -515.3659
-515.5340 -515.5569
-515.3957 -515.4171
-515.3640 -515.4108
-516.0310 -516.0732
-515.0518 -515.0326
-515.2387 -515.2694
-515.2100 -515.2057
-515.2731 -515.2204
-515.1500 -515.0922
-515.1897 -515.1411
-515.5390 -515.5976
-515.1246 -514.9830
-515.0039 -514.9442
-514.7899 -514.7952
-515.1014 -515.1640
-515.6408 -515.6731
-516.0744 -516.0417
-516.0744 -516.0317
-515.2784 -515.1925
-515.3768 -515.4013
-515.1327 -515.1099
-515.4179 -515.3096
-515.3916 -515.3079
-515.1012 -515.0812
-514.8060 -514.7415
-515.0391 -515.0565
-515.2485 -515.1527
-515.2476 -515.1882
-515.0583 -515.0734
-515.4157 -515.2454
-515.1858 -515.0873
-515.6161 -515.5391
-516.0322 -515.8973
-515.4687 -515.4410
-516.0706 -516.1419
-516.1297 -516.2252
-516.0704 -516.0663
-516.0819 -516.0655
-516.0819 -516.0723
-516.0976 -516.1919
-516.0819 -516.0913
-516.0976 -516.2039
-516.0819 -516.0857
-516.0654 -515.8989
-516.0386 -516.0369
-516.0977 -516.0635
-516.0975 -515.9571
-516.0010 -515.8739
-516.0654 -516.0183
-516.0656 -516.1057
-516.0499 -516.0002
-516.1568 -516.1224
-516.0499 -515.8941
-516.0395 -515.8737
-516.0395 -515.9947
-516.0499 -515.9922
-516.1568 -516.2142
-516.0499 -515.9902
-516.0395 -515.9363
-516.0395 -515.9558
-516.1029 -516.0936
-516.0310 -515.9520
-516.0507 -515.9714
-516.0350 -516.0031
-516.1081 -516.1740
-516.0299 -516.0438
-516.1349 -516.0098
-516.0350 -516.0139
-516.0603 -516.0489
-516.0278 -516.0785
-516.1672 -516.2579
-516.0499 -516.0412
-516.0433 -516.0344
-516.1029 -516.1210
-516.0310 -515.9963
-516.0758 -516.1116
-516.1349 -516.1545
-516.0758 -516.1126
-516.0760 -516.1770
-516.0507 -516.1705
-516.1026 -516.2768
-516.1827 -516.3104
-516.0507 -516.1706
-516.0350 -516.0081
-516.0310 -515.9312
-516.0310 -515.9483
-516.0433 -516.1135
-516.1079 -516.1064
-516.0975 -516.0450
-516.1349 -516.0347
-516.0603 -516.0425
-516.0603 -516.0666
-516.2741 -516.4732
-516.0811 -516.1704
-516.0654 -516.0348
-516.0384 -515.9336
-516.0334 -516.0578
-516.0334 -516.0681
-516.1186 -516.1896
-516.1029 -516.1225
-516.1186 -516.2041
-516.0334 -516.0317
-516.0438 -516.0165
-516.0334 -516.1193
-516.0438 -516.0315
-516.0334 -516.1134
-516.1029 -516.1192
-516.0438 -516.0442
-516.1029 -516.1176
-516.0654 -516.0519
-516.1029 -516.1250
-516.0758 -515.9629
-516.0654 -516.0239
-516.0758 -515.9861
-516.1186 -516.2176
-516.0438 -516.0327
-516.0334 -516.0282
-516.0334 -516.0116
-516.1186 -516.2290
-516.0811 -516.1679
-516.0488 -516.0507
-516.0384 -515.9289
-516.1555 -516.1539
