-516.0452 -516.0631
-516.0452 -516.0762
-515.9442 -515.6675
-515.9442 -515.6702
-515.9442 -515.7304
-515.9442 -515.7049
-516.0720 -516.1522
-516.0246 -515.9209
-516.0246 -515.9856
-516.0130 -516.0820
-516.0720 -516.1283
-516.0452 -516.0536
-516.0246 -515.9479
-516.0452 -516.0838
-516.0246 -515.9812
-515.9914 -515.8773
-515.3937 -515.1747
-516.0209 -515.9436
-516.0950 -515.9491
-516.0412 -515.8373
-516.0293 -515.9488
-516.0293 -515.9747
-516.0412 -515.8961
-516.1218 -516.0539
-516.0477 -516.0657
-516.0412 -515.9410
-516.0206 -515.9303
-516.0004 -515.8024
-515.9978 -515.8264
-516.0647 -516.1389
-516.0293 -515.9428
-516.0442 -516.0390
-516.0290 -515.9801
-516.0290 -515.9892
-516.0290 -515.9568
-516.1506 -516.1561
-516.0442 -515.9512
-516.0395 -515.9701
-516.0290 -516.0553
-516.0915 -516.1543
-516.0442 -515.9906
-516.1506 -516.1937
-516.0229 -515.9496
-516.0270 -515.7945
-516.0678 -516.0329
-516.0430 -515.9341
-516.0290 -516.0135
-516.0883 -516.0733
-516.0633 -516.1274
-516.0667 -516.0196
-516.0442 -515.9798
-516.0395 -516.0044
-516.0442 -515.9864
-516.0206 -515.9838
-516.0678 -516.0833
-516.0229 -515.9754
-516.1486 -516.1484
-516.0206 -516.0205
-516.0454 -516.1324
-516.0667 -516.0695
-516.0330 -516.1153
-516.0120 -515.8431
-516.0915 -516.1321
-516.0593 -516.1069
-516.0710 -516.0518
-516.0119 -516.0678
-516.1506 -516.1547
-516.0290 -515.9814
-516.0290 -516.0611
-516.0290 -516.0619
-516.1506 -516.2045
-516.0915 -516.2042
-516.0290 -516.1396
-516.0270 -515.9622
-516.1300 -516.0819
-516.0290 -516.0976
-516.0663 -515.9940
-516.1300 -516.1503
-516.0710 -516.0925
-516.0689 -516.1298
-516.2364 -516.1593
-516.0428 -515.9456
-515.9994 -515.9450
-515.9994 -515.9458
-516.0428 -515.9599
-516.2364 -516.2334
-516.0152 -516.0166
-515.9994 -516.0498
-516.0633 -516.1256
-516.0407 -515.8573
-515.9994 -516.0545
-516.1254 -516.0644
-516.0152 -516.0572
-516.1300 -516.0850
-516.0678 -516.1121
-516.2364 -516.3055
-516.0935 -516.0850
-516.1254 -516.1040
-516.1094 -516.1065
-516.2061 -516.2696
-515.7438 -515.7843
-515.5711 -515.5855
-516.0435 -516.1324
-515.5721 -515.5689
-516.0435 -516.2211
-516.0209 -516.1397
-516.0209 -516.1286
-516.0826 -516.1992
-515.3476 -515.3310
-515.6125 -515.6048
-515.9994 -516.0119
-515.9994 -516.0199
-515.9994 -516.0572
-515.9994 -516.0597
-515.2063 -515.2537
-516.0407 -515.9379
-516.0428 -516.0617
-516.0430 -516.0197
-516.0428 -516.0755
-516.0633 -516.2351
-514.9549 -515.0490
-515.2921 -515.3741
-515.3880 -515.4251
-514.8356 -514.9123
-515.0831 -515.1466
-514.9275 -515.0370
-515.3091 -515.4240
-515.3840 -515.4963
-514.8759 -514.8563
-515.4314 -515.2389
-515.0415 -515.0662
-515.4270 -515.3834
-514.8756 -514.9185
-515.0475 -515.1979
-515.2210 -515.2716
-515.3502 -515.3723
-515.3259 -515.3711
-515.0263 -515.0693
-514.8902 -514.9950
-515.0395 -515.0259
-515.3775 -515.3683
-515.1244 -515.2046
-515.3411 -515.5499
-515.5756 -515.5513
-514.7537 -514.8722
-515.1767 -515.2169
-515.0275 -515.0304
-514.5202 -514.4619
-515.0226 -515.0331
-515.4618 -515.5377
-514.7981 -514.8195
-515.1142 -515.2496
-514.8741 -514.8649
-515.1135 -515.2963
-515.2392 -515.2523
-515.2522 -515.2361
-515.2286 -515.2948
-514.9835 -514.9405
-514.8216 -514.9035
-514.8479 -514.8443
-515.3144 -515.3440
-516.0689 -515.9529
-516.0957 -516.0111
-516.0215 -516.0425
-516.0689 -516.0432
-516.0354 -516.0049
-516.0957 -516.0974
-516.0377 -516.0857
-516.0580 -516.0592
-516.0377 -516.0280
-516.0246 -515.8938
-516.0967 -516.1105
-516.0044 -515.8561
-516.0519 -515.9076
-516.1590 -516.0866
-516.0664 -515.9212
-516.0848 -516.1036
-516.0999 -516.0741
-516.0257 -515.9033
-516.0127 -515.8847
-516.0534 -516.1439
-516.0717 -516.0882
-516.0560 -516.1528
-516.0310 -515.9711
-516.0310 -515.8102
-516.0216 -516.0285
-516.0807 -516.0656
-516.0787 -515.9737
-516.0463 -516.0848
-516.0785 -516.2094
-516.0430 -515.9861
-516.0292 -515.8276
-516.0699 -516.1738
-516.0417 -516.1643
-516.0731 -516.1177
-516.1322 -516.1826
-516.0246 -516.0201
-516.0764 -516.1297
-516.0699 -516.2227
-516.0519 -515.9924
-516.1527 -516.2405
-516.0312 -516.0578
-516.0312 -516.1539
-516.0312 -516.1331
-516.0396 -515.9058
-516.1205 -516.2096
-516.1322 -516.1402
-516.0731 -516.1380
-516.0560 -516.1681
-516.1643 -516.2239
-516.0428 -516.0492
-516.0428 -516.1597
-516.0428 -516.0697
-516.1053 -516.1937
-516.1643 -516.2269
-516.1053 -516.2033
-516.0428 -516.1196
-516.0408 -516.1255
-516.0429 -515.8606
-516.2180 -516.1890
-516.0533 -515.9519
-516.0578 -516.0404
-516.1171 -516.2077
-516.0182 -516.0755
-515.8966 -516.0186
-516.0212 -516.0115
-516.0560 -515.9964
-516.1590 -516.1586
-515.6988 -515.7973
-516.0999 -516.1496
-516.0374 -516.1012
-516.0429 -516.0872
-516.1275 -516.1767
-516.0685 -516.1652
-516.0333 -516.0435
-516.2180 -516.2453
-516.0333 -516.0302
-516.1590 -516.1884
-516.1569 -516.2175
-516.0408 -516.1599
-515.4474 -515.3425
-516.0900 -516.0024
-516.0900 -516.0341
-516.0389 -516.0117
-516.0389 -516.0401
-516.0286 -515.9471
-516.0333 -515.9575
-516.1397 -516.1672
-516.0333 -515.9416
-516.0286 -515.9211
-516.0286 -515.9532
-516.1233 -516.1823
-516.0286 -516.0845
-516.0489 -515.9152
-516.0725 -516.1428
-516.0245 -516.0733
-516.0239 -516.0183
-516.1028 -516.0812
-516.1028 -516.0827
-516.0284 -515.9867
-516.0263 -516.1028
-516.0437 -515.9343
-516.0437 -516.0000
-516.1233 -516.1926
-516.0911 -516.1571
-516.0266 -515.9941
-516.1028 -516.0733
-515.9953 -515.7260
-516.0437 -515.9971
-516.1501 -516.2011
-516.0391 -516.0532
-516.0437 -516.0590
-516.1028 -516.0914
-516.0679 -515.9715
-516.0345 -515.7832
-516.0266 -515.9240
-516.0286 -516.0764
-516.1028 -516.0763
-516.0286 -516.0699
-516.0286 -516.1000
-516.1501 -516.2694
-516.1028 -516.0886
-516.0705 -515.8541
-516.0705 -515.9965
-516.0659 -516.0023
-516.1028 -516.1100
-516.1028 -516.1125
-516.0659 -516.1061
-516.1028 -516.1346
-516.1028 -516.1056
-516.1275 -516.1659
-516.0284 -516.0139
-516.0950 -516.1824
-516.0489 -516.0348
-516.0239 -516.1135
-516.0950 -516.1475
-516.0725 -516.0804
-516.0263 -516.0769
-516.1028 -516.0875
-516.0284 -516.0266
-516.1275 -516.1421
-516.0659 -516.0213
-516.1028 -516.1011
-516.1892 -516.2160
-516.0095 -515.9408
-516.0266 -515.9368
-516.0266 -515.9677
-516.0391 -516.0518
-516.0437 -515.9825
-516.0705 -516.0299
-516.0402 -516.1065
-516.0705 -515.9369
-515.3747 -515.4283
-515.5583 -515.6030
-516.0437 -516.1209
-516.0417 -516.1857
-516.0705 -516.1566
-516.0351 -516.0159
-516.0147 -516.1005
-516.0417 -516.1205
-516.0391 -516.0426
-516.0391 -516.1080
-516.0437 -515.9920
-516.0417 -516.1264
-516.0659 -516.0424
-516.0391 -516.1199
-516.0705 -516.0401
-516.0286 -516.0231
-516.0147 -516.1115
-516.1501 -516.2723
-516.0286 -516.0751
-516.0286 -516.1610
-516.0286 -516.1510
-516.0351 -516.0746
-516.0659 -516.0370
-516.0705 -516.0810
-516.1179 -516.2340
-516.0336 -515.9634
-516.0383 -516.0562
-516.1296 -516.1680
-516.0705 -516.1536
-516.0659 -516.1081
-516.0705 -516.0488
-516.0336 -516.0389
-516.0685 -516.1397
-516.0534 -516.1516
-516.1564 -516.1707
-516.0554 -516.1663
-516.0973 -516.1348
-516.0383 -516.1151
-516.1275 -516.1887
-516.0685 -516.1595
-516.0328 -516.0178
-516.0659 -516.1249
-516.1564 -516.2219
-516.0953 -516.0798
-516.0953 -516.1219
-516.0685 -516.1271
-516.0953 -516.1749
-516.0354 -516.0537
-516.0534 -515.9893
-516.1275 -516.1395
-516.0659 -516.0753
-516.1179 -516.2295
-516.0383 -515.9892
-516.0533 -516.0959
-516.0336 -515.9507
-516.0705 -515.9402
-516.0531 -516.0133
-516.0511 -515.9572
-516.0531 -516.0413
-516.0286 -516.0153
-516.0627 -516.1464
-516.0993 -516.1859
-516.0154 -515.9741
-516.0533 -516.0509
-515.5487 -515.4906
-515.4228 -515.3781
-516.0531 -515.9928
-516.0551 -516.1355
-516.0551 -516.1465
-516.0286 -516.1484
-516.0286 -516.1357
-516.0757 -516.2784
-516.0785 -516.0888
-516.0311 -516.0538
-516.0311 -516.0391
-516.0633 -516.1207
-516.0633 -516.1548
-516.1375 -516.1965
-516.0579 -516.0056
-516.1170 -516.1186
-516.1170 -516.0919
-516.0533 -515.9942
-516.1170 -516.1610
-516.1149 -516.0977
-516.0225 -515.9114
-516.1375 -516.1984
-515.3563 -515.3464
-516.0225 -516.0468
-516.0127 -516.0510
-516.0246 -516.0219
-516.0246 -516.0397
-516.0449 -516.0596
-516.0463 -515.9804
-516.1054 -516.1642
-516.0417 -516.0769
-516.1054 -516.1750
-516.0685 -516.0796
-516.1054 -516.1970
-516.1301 -516.1351
-516.1054 -516.1821
-516.1007 -516.2052
-516.0225 -516.0767
-516.1007 -516.2505
-516.0128 -515.7172
-516.0265 -515.8220
-516.0310 -516.0317
-516.0545 -516.0376
-515.0525 -515.0144
-516.0403 -515.8712
-516.1912 -516.2221
-516.0923 -516.0872
-516.0286 -516.0159
-516.0449 -516.0813
-515.2827 -515.2540
-516.0759 -516.1229
-516.0285 -516.0767
-516.0285 -516.0690
-515.2339 -515.2677
-514.8955 -514.8819
-515.1095 -515.1040
-516.0759 -516.0803
-516.0436 -516.0200
-516.0285 -516.0718
-516.0285 -516.0564
-516.0759 -516.1051
-516.0533 -516.0634
-516.0759 -516.1480
-516.0553 -516.0836
-516.0553 -515.9676
-516.0533 -516.0027
-516.0533 -516.0749
-516.0533 -516.0589
-516.0759 -516.1480
-516.0553 -515.9280
-516.0285 -516.0662
-516.0285 -516.0186
-516.0285 -516.0321
-516.0285 -516.0417
-516.0285 -516.0697
-516.0553 -515.8992
-516.0285 -516.0567
-516.0218 -516.0223
-515.5896 -515.6333
-515.2779 -515.3257
-516.0911 -516.1454
-515.1401 -515.1460
-516.1007 -516.2141
-516.0391 -516.1455
-515.1836 -515.1947
-516.1296 -516.0661
-516.0705 -516.0388
-516.0519 -516.0783
-516.1028 -516.1413
-516.1028 -516.1306
-516.0284 -516.0097
-515.4418 -515.4294
-516.0437 -515.9722
-516.0437 -516.0078
-516.0911 -516.1451
-516.0437 -516.1057
-516.0417 -516.0559
-516.0705 -516.0475
-516.0685 -516.0404
-516.0685 -516.0778
-516.0437 -516.1210
-515.2009 -515.1420
-516.0391 -516.0534
-516.1007 -516.1806
-516.1028 -516.1738
-516.1028 -516.1633
-516.0705 -516.0654
-516.0705 -516.0253
-516.1275 -516.1070
-516.0659 -516.0603
-516.1028 -516.1647
-516.1028 -516.1712
-516.1296 -516.0626
-516.0659 -516.0566
-516.0705 -516.0054
-516.1296 -516.1545
-516.0307 -516.0248
-516.0307 -515.9543
-516.0705 -516.0991
-516.1296 -516.1401
-516.1028 -516.1185
-516.1028 -516.1317
-516.0659 -516.0444
-516.1028 -516.1171
-516.1028 -516.1125
-516.0744 -516.0565
-516.0744 -516.0492
-516.0284 -516.1136
-515.1935 -515.1648
-515.2304 -515.1419
-516.0360 -516.0515
-516.0950 -516.0803
-516.0950 -516.1018
-515.4640 -515.3659
-515.5470 -515.5569
-515.4044 -515.4171
-515.3698 -515.4108
-516.0360 -516.0732
-515.0500 -515.0326
-515.2346 -515.2694
-515.2174 -515.2057
-515.2728 -515.2204
-515.1584 -515.0922
-515.1959 -515.1411
-515.5378 -515.5976
-515.1244 -514.9830
-515.0017 -514.9442
-514.7985 -514.7952
-515.1051 -515.1640
-515.6498 -515.6731
-516.0744 -516.0417
-516.0744 -516.0317
-515.2859 -515.1925
-515.3792 -515.4013
-515.1365 -515.1099
-515.4220 -515.3096
-515.3932 -515.3079
-515.0979 -515.0812
-514.8037 -514.7415
-515.0395 -515.0565
-515.2455 -515.1527
-515.2478 -515.1882
-515.0629 -515.0734
-515.4256 -515.2454
-515.1879 -515.0873
-515.6177 -515.5391
-516.0307 -515.8973
-515.4757 -515.4410
-516.0333 -516.0757
-516.0648 -516.1419
-516.0174 -516.0272
-516.1238 -516.2252
-516.0174 -516.0270
-516.0628 -516.0663
-516.0174 -516.0145
-516.0765 -516.0655
-516.0765 -516.0723
-516.0970 -516.1919
-516.0765 -516.0913
-516.0174 -515.9876
-516.0970 -516.2039
-516.0765 -516.0857
-516.0679 -515.8989
-516.0376 -516.0369
-516.0967 -516.0635
-516.0138 -515.9066
-516.0947 -515.9571
-516.0076 -515.8739
-516.0679 -516.0183
-516.0699 -516.1057
-516.0493 -516.0002
-516.1557 -516.1224
-516.0493 -515.8941
-516.0446 -515.8737
-516.0446 -515.9947
-516.0493 -515.9922
-516.1557 -516.2142
-516.0493 -515.9902
-516.0446 -515.9363
-516.0446 -515.9558
-516.1048 -516.0936
-516.0306 -515.9520
-516.0101 -516.0319
-516.0510 -515.9714
-516.0304 -516.0031
-516.1013 -516.1740
-516.0260 -516.0438
-516.1316 -516.0098
-516.0304 -516.0139
-516.0539 -516.0489
-516.0185 -516.0785
-516.1604 -516.2579
-516.0493 -516.0412
-516.0371 -516.0344
-516.1048 -516.1210
-516.0306 -515.9963
-516.0725 -516.1116
-516.1316 -516.1545
-516.0725 -516.1126
-516.0745 -516.1770
-516.0510 -516.1705
-516.0981 -516.2768
-516.1790 -516.3104
-516.0510 -516.1706
-516.0304 -516.0081
-516.0306 -515.9312
-516.0306 -515.9483
-516.0371 -516.1135
-516.0993 -516.1064
-516.0947 -516.0450
-516.1316 -516.0347
-516.0539 -516.0425
-516.0539 -516.0666
-516.0138 -516.0277
-516.2668 -516.4732
-516.0885 -516.1704
-516.0679 -516.0348
-516.0356 -515.9336
-516.0411 -516.0578
-516.0411 -516.0681
-516.1254 -516.1896
-516.1048 -516.1225
-516.1254 -516.2041
-516.0411 -516.0317
-516.0458 -516.0165
-516.0411 -516.1193
-516.0458 -516.0315
-516.0411 -516.1134
-516.1048 -516.1192
-516.0458 -516.0442
-516.1048 -516.1176
-516.0679 -516.0519
-516.1048 -516.1250
-516.0725 -515.9629
-516.0679 -516.0239
-516.0725 -515.9861
-516.0135 -515.9438
-516.0167 -515.9651
-516.0135 -515.9307
-516.1254 -516.2176
-516.0458 -516.0327
-516.0411 -516.0282
-516.0411 -516.0116
-516.1254 -516.2290
-516.0885 -516.1679
-516.0167 -515.9688
-516.0403 -516.0507
-516.0356 -515.9289
-516.1447 -516.1539
