-516.0478 -516.0631
-516.0478 -516.0762
-515.9421 -515.6675
-515.9421 -515.6702
-515.9421 -515.7304
-515.9421 -515.7049
-516.0702 -516.1522
-516.0333 -515.9209
-516.0333 -515.9856
-516.0130 -516.0820
-516.0702 -516.1283
-516.0478 -516.0536
-516.0333 -515.9479
-516.0478 -516.0838
-516.0333 -515.9812
-515.9833 -515.8773
-515.3914 -515.1747
-516.0201 -515.9436
-516.1035 -515.9491
-516.0390 -515.8373
-516.0230 -515.9488
-516.0230 -515.9747
-516.0118 -515.9620
-516.0390 -515.8961
-516.0055 -515.9699
-516.1258 -516.0539
-516.0425 -516.0657
-516.0390 -515.9410
-516.0055 -515.9870
-516.0118 -515.8866
-516.0244 -515.9303
-515.9976 -515.8024
-515.9924 -515.8264
-516.0681 -516.1389
-516.0230 -515.9428
-516.0535 -516.0390
-516.0273 -515.9801
-516.0273 -515.9892
-516.0273 -515.9568
-516.1476 -516.1561
-516.0535 -515.9512
-516.0452 -515.9701
-516.0273 -516.0553
-516.0905 -516.1543
-516.0535 -515.9906
-516.0085 -516.0314
-516.1476 -516.1937
-516.0118 -516.0038
-516.0217 -515.9496
-516.0118 -516.0593
-516.0243 -515.7945
-516.0656 -516.0329
-516.0342 -515.9341
-516.0273 -516.0135
-516.0802 -516.0733
-516.0530 -516.1274
-516.0653 -516.0196
-516.0085 -515.9183
-516.0535 -515.9798
-516.0087 -515.9033
-516.0452 -516.0044
-516.0535 -515.9864
-516.0244 -515.9838
-516.0656 -516.0833
-516.0217 -515.9754
-516.1482 -516.1484
-516.0244 -516.0205
-516.0437 -516.1324
-516.0653 -516.0695
-516.0344 -516.1153
-516.0080 -515.8431
-516.0905 -516.1321
-516.0557 -516.1069
-516.0759 -516.0518
-516.0187 -516.0678
-516.1476 -516.1547
-516.0273 -515.9814
-516.0273 -516.0611
-516.0273 -516.0619
-516.1476 -516.2045
-516.0905 -516.2042
-516.0273 -516.1396
-516.0243 -515.9622
-516.1331 -516.0819
-516.0273 -516.0976
-516.0676 -515.9940
-516.0104 -516.0070
-516.1331 -516.1503
-516.0759 -516.0925
-516.0728 -516.1298
-516.2271 -516.1593
-516.0384 -515.9456
-515.9918 -515.9450
-515.9918 -515.9458
-516.0384 -515.9599
-516.2271 -516.2334
-515.9981 -516.0166
-515.9918 -516.0498
-516.0530 -516.1256
-516.0354 -515.8573
-515.9918 -516.0545
-516.1247 -516.0644
-515.9981 -516.0572
-516.1331 -516.0850
-516.0656 -516.1121
-516.2271 -516.3055
-516.0876 -516.0850
-516.1247 -516.1040
-516.1034 -516.1065
-516.2085 -516.2696
-515.7564 -515.7843
-516.0139 -516.1162
-515.5606 -515.5855
-516.0363 -516.1324
-515.5631 -515.5689
-516.0363 -516.2211
-516.0187 -516.1397
-516.0187 -516.1286
-516.0811 -516.1992
-515.3697 -515.3310
-515.6189 -515.6048
-516.0118 -515.9530
-515.9918 -516.0119
-515.9918 -516.0199
-515.9918 -516.0572
-515.9918 -516.0597
-515.1981 -515.2537
-516.0118 -516.1312
-516.0118 -516.1122
-516.0354 -515.9379
-516.0384 -516.0617
-516.0342 -516.0197
-516.0384 -516.0755
-516.0530 -516.2351
-516.0087 -515.9316
-514.9450 -515.0490
-515.2903 -515.3741
-515.3845 -515.4251
-514.8407 -514.9123
-515.0777 -515.1466
-514.9256 -515.0370
-515.3136 -515.4240
-515.3787 -515.4963
-514.8626 -514.8563
-515.4474 -515.2389
-515.0510 -515.0662
-515.4240 -515.3834
-514.8816 -514.9185
-515.0549 -515.1979
-515.2235 -515.2716
-515.3519 -515.3723
-515.3306 -515.3711
-515.0223 -515.0693
-514.8895 -514.9950
-515.0354 -515.0259
-515.3694 -515.3683
-515.1251 -515.2046
-515.3446 -515.5499
-515.5706 -515.5513
-514.7515 -514.8722
-515.1815 -515.2169
-515.0264 -515.0304
-514.5078 -514.4619
-515.0258 -515.0331
-515.4723 -515.5377
-514.7927 -514.8195
-515.1291 -515.2496
-514.8745 -514.8649
-515.1135 -515.2963
-515.2336 -515.2523
-515.2481 -515.2361
-515.2348 -515.2948
-514.9861 -514.9405
-514.8168 -514.9035
-514.8486 -514.8443
-515.3023 -515.3440
-516.0643 -515.9529
-515.9998 -515.7740
-515.9998 -515.8339
-515.9998 -515.8718
-515.9998 -515.9037
-516.0866 -516.0111
-516.0033 -516.0425
-515.9998 -515.9463
-516.0643 -516.0432
-516.0041 -515.9600
-516.0186 -516.0049
-515.9915 -516.1021
-516.0037 -516.0094
-516.0041 -515.9700
-516.0866 -516.0974
-516.0037 -516.0309
-516.0298 -516.0857
-516.0075 -515.9299
-516.0075 -516.0856
-516.0487 -516.0592
-516.0298 -516.0280
-516.0186 -515.8938
-516.0870 -516.1105
-515.9918 -515.8561
-516.0431 -515.9076
-516.1544 -516.0866
-516.0516 -515.9212
-516.0711 -516.1036
-516.0973 -516.0741
-516.0139 -515.9033
-516.0027 -515.8847
-515.9996 -516.0346
-516.0404 -516.1439
-516.0598 -516.0882
-516.0456 -516.1528
-516.0185 -515.9711
-516.0185 -515.8102
-516.0077 -516.0285
-516.0649 -516.0656
-516.0022 -515.8220
-516.0655 -515.9737
-516.0075 -516.0096
-516.0525 -516.0848
-516.0775 -516.2094
-516.0324 -515.9861
-516.0233 -515.8276
-516.0118 -516.0378
-516.0646 -516.1738
-516.0442 -516.1643
-516.0749 -516.1177
-516.1321 -516.1826
-516.0118 -516.0965
-516.0118 -516.1080
-516.0087 -516.1030
-516.0186 -516.0201
-516.0681 -516.1297
-516.0646 -516.2227
-516.0431 -515.9924
-516.1466 -516.2405
-516.0263 -516.0578
-516.0263 -516.1539
-516.0263 -516.1331
-516.0118 -516.0235
-516.0293 -515.9058
-516.1119 -516.2096
-516.1321 -516.1402
-516.0749 -516.1380
-516.0118 -516.0853
-516.0026 -515.9891
-516.0456 -516.1681
-516.1570 -516.2239
-515.9984 -516.0610
-516.0367 -516.0492
-516.0367 -516.1597
-516.0367 -516.0697
-516.0999 -516.1937
-516.1570 -516.2269
-516.0999 -516.2033
-516.0367 -516.1196
-516.0337 -516.1255
-516.0344 -515.8606
-516.2116 -516.1890
-516.0404 -515.9519
-516.0064 -516.0354
-516.0530 -516.0404
-516.1059 -516.2077
-516.0018 -516.0755
-515.8826 -516.0186
-516.0076 -516.0115
-516.0456 -515.9964
-516.1544 -516.1586
-515.7051 -515.7973
-516.0973 -516.1496
-516.0341 -516.1012
-516.0026 -516.0434
-516.0344 -516.0872
-516.1238 -516.1767
-516.0666 -516.1652
-516.0035 -516.1600
-516.0280 -516.0435
-516.0035 -516.1111
-516.2116 -516.2453
-516.0280 -516.0302
-516.1544 -516.1884
-516.0087 -516.1185
-516.1514 -516.2175
-516.0337 -516.1599
-515.4442 -515.3425
-516.0756 -516.0024
-516.0756 -516.0341
-516.0292 -516.0117
-516.0292 -516.0401
-516.0197 -515.9471
-516.0280 -515.9575
-516.1221 -516.1672
-516.0280 -515.9416
-516.0197 -515.9211
-516.0197 -515.9532
-515.9984 -515.9386
-515.9984 -515.9043
-515.9987 -515.9922
-516.1190 -516.1823
-515.9987 -515.9610
-515.9987 -515.9870
-516.0211 -516.0845
-516.0400 -515.9152
-516.0691 -516.1428
-516.0149 -516.0733
-516.0128 -516.0183
-516.1045 -516.0812
-516.1045 -516.0827
-516.0254 -515.9867
-516.0223 -516.1028
-516.0022 -515.9622
-516.0473 -515.9343
-516.0473 -516.0000
-515.9987 -516.0272
-516.1190 -516.1926
-515.9987 -515.9789
-515.9987 -516.0195
-516.0842 -516.1571
-516.0180 -515.9941
-516.1045 -516.0733
-515.9831 -515.7260
-515.9987 -515.8970
-516.0473 -515.9971
-516.1414 -516.2011
-516.0120 -515.9858
-516.0390 -516.0532
-516.0473 -516.0590
-516.0022 -516.1036
-515.9987 -515.8996
-516.1045 -516.0914
-516.0120 -515.9004
-516.0616 -515.9715
-516.0259 -515.7832
-516.0180 -515.9240
-516.0211 -516.0764
-516.1045 -516.0763
-516.0211 -516.0699
-516.0211 -516.1000
-516.1414 -516.2694
-516.1045 -516.0886
-516.0697 -515.8541
-516.0697 -515.9965
-516.0119 -516.0299
-516.0614 -516.0023
-516.1045 -516.1100
-516.1045 -516.1125
-516.0614 -516.1061
-516.1045 -516.1346
-516.1045 -516.1056
-516.0035 -516.0102
-516.1238 -516.1659
-516.0021 -515.8497
-516.0004 -515.9562
-516.0254 -516.0139
-516.0808 -516.1824
-516.0004 -515.9714
-516.0400 -516.0348
-516.0128 -516.1135
-516.0808 -516.1475
-516.0691 -516.0804
-516.0223 -516.0769
-516.1045 -516.0875
-516.0254 -516.0266
-516.0004 -515.9534
-516.1238 -516.1421
-516.0614 -516.0213
-516.1045 -516.1011
-516.0035 -516.0452
-515.9973 -515.9283
-516.1862 -516.2160
-516.0010 -515.9204
-515.9987 -515.9408
-516.0180 -515.9368
-516.0180 -515.9677
-516.0113 -515.8282
-516.0022 -515.9768
-516.0390 -516.0518
-516.0473 -515.9825
-516.0697 -516.0299
-516.0343 -516.1065
-516.0697 -515.9369
-515.3638 -515.4283
-515.5618 -515.6030
-516.0022 -516.0175
-516.0473 -516.1209
-516.0042 -515.9964
-516.0022 -515.9771
-516.0022 -516.1384
-516.0442 -516.1857
-516.0125 -516.0902
-516.0042 -516.0606
-516.0697 -516.1566
-516.0246 -516.0159
-516.0057 -516.1005
-516.0022 -516.1783
-516.0042 -515.9184
-516.0442 -516.1205
-516.0390 -516.0426
-516.0042 -515.9838
-516.0390 -516.1080
-516.0473 -515.9920
-516.0125 -515.9742
-516.0442 -516.1264
-516.0614 -516.0424
-516.0042 -516.0185
-516.0390 -516.1199
-516.0697 -516.0401
-516.0125 -516.0252
-516.0065 -515.9448
-516.0065 -515.9961
-516.0022 -515.8753
-516.0022 -515.9000
-516.0211 -516.0231
-516.0057 -516.1115
-516.1414 -516.2723
-516.0211 -516.0751
-516.0211 -516.1610
-516.0211 -516.1510
-516.0246 -516.0746
-516.0614 -516.0370
-516.0697 -516.0810
-516.0021 -515.9222
-516.1066 -516.2340
-516.0266 -515.9634
-516.0349 -516.0562
-516.1268 -516.1680
-516.0697 -516.1536
-516.0065 -516.1037
-516.0614 -516.1081
-516.0697 -516.0488
-516.0266 -516.0389
-516.0666 -516.1397
-516.0404 -516.1516
-516.1492 -516.1707
-516.0435 -516.1663
-516.0920 -516.1348
-516.0349 -516.1151
-516.1238 -516.1887
-516.0666 -516.1595
-516.0035 -516.1518
-516.0258 -516.0178
-516.0614 -516.1249
-516.1492 -516.2219
-516.0890 -516.0798
-516.0890 -516.1219
-516.0666 -516.1271
-516.0890 -516.1749
-516.0311 -516.0537
-516.0404 -515.9893
-516.0035 -515.9765
-516.0035 -515.9696
-516.1238 -516.1395
-516.0614 -516.0753
-516.1066 -516.2295
-516.0119 -516.0917
-516.0349 -515.9892
-516.0546 -516.0959
-516.0266 -515.9507
-516.0697 -515.9402
-516.0447 -516.0133
-516.0416 -515.9572
-516.0035 -515.9552
-516.0447 -516.0413
-516.0197 -516.0153
-516.0008 -515.9643
-516.0460 -516.1464
-515.9974 -515.9772
-516.0915 -516.1859
-516.0091 -515.9741
-515.9974 -515.9526
-515.9974 -515.9561
-516.0546 -516.0509
-515.5299 -515.4906
-515.4157 -515.3781
-516.0035 -515.9975
-516.0065 -516.0311
-516.0035 -516.0896
-516.0087 -516.1343
-516.0447 -515.9928
-516.0477 -516.1355
-516.0477 -516.1465
-516.0035 -516.0101
-516.0035 -515.9756
-516.0211 -516.1484
-516.0065 -515.9781
-516.0211 -516.1357
-516.0065 -515.9535
-516.0623 -516.2784
-516.0775 -516.0888
-515.9984 -515.8014
-516.0406 -516.0538
-516.0406 -516.0391
-516.0052 -516.0468
-516.0655 -516.1207
-516.0655 -516.1548
-515.9998 -515.9474
-516.1347 -516.1965
-516.0323 -516.1383
-516.0323 -516.1327
-516.0629 -516.0056
-516.1201 -516.1186
-516.1201 -516.0919
-516.0546 -515.9942
-516.1201 -516.1610
-516.1170 -516.0977
-516.0179 -515.9114
-516.1347 -516.1984
-515.3423 -515.3464
-516.0155 -516.0468
-515.9992 -515.9055
-515.9992 -515.9319
-516.0027 -516.0510
-516.0186 -516.0219
-516.0186 -516.0397
-516.0375 -516.0596
-516.0525 -515.9804
-516.0172 -516.0896
-516.1097 -516.1642
-516.0442 -516.0769
-516.0056 -516.0379
-516.1097 -516.1750
-516.0666 -516.0796
-516.1097 -516.1970
-516.1290 -516.1351
-516.1097 -516.1821
-516.0078 -516.0252
-516.1014 -516.2052
-516.0155 -516.0767
-516.1014 -516.2505
-516.0069 -515.7172
-516.0035 -515.9586
-516.0180 -515.8220
-516.0064 -515.8678
-516.0306 -516.0317
-516.0598 -516.0376
-516.0026 -515.9979
-516.0118 -516.0096
-515.0557 -515.0144
-515.9952 -515.8670
-516.0064 -515.7883
-516.0292 -515.8712
-515.9952 -515.9467
-516.0035 -515.9615
-516.1892 -516.2221
-516.0851 -516.0872
-516.0037 -516.1141
-516.0025 -516.0051
-516.0197 -516.0159
-515.9984 -515.9618
-516.0375 -516.0813
-515.2940 -515.2540
-516.0723 -516.1229
-516.0353 -516.0767
-516.0353 -516.0690
-515.2425 -515.2677
-514.8849 -514.8819
-515.1125 -515.1040
-516.0723 -516.0803
-516.0375 -516.0200
-516.0353 -516.0718
-516.0353 -516.0564
-516.0723 -516.1051
-516.0546 -516.0634
-516.0723 -516.1480
-516.0323 -516.1364
-516.0323 -516.1135
-516.0577 -516.0836
-516.0577 -515.9676
-516.0546 -516.0027
-516.0546 -516.0749
-516.0546 -516.0589
-516.0723 -516.1480
-516.0577 -515.9280
-516.0353 -516.0662
-516.0353 -516.0186
-516.0353 -516.0321
-516.0353 -516.0417
-516.0353 -516.0697
-516.0577 -515.8992
-516.0353 -516.0567
-516.0121 -516.0223
-515.5918 -515.6333
-515.2781 -515.3257
-516.0842 -516.1454
-515.1355 -515.1460
-516.1014 -516.2141
-516.0390 -516.1455
-515.1717 -515.1947
-515.9974 -515.9704
-516.1268 -516.0661
-516.0065 -515.9917
-516.0697 -516.0388
-515.9974 -516.0404
-516.0545 -516.0783
-516.0004 -516.0308
-516.1045 -516.1413
-516.1045 -516.1306
-516.0254 -516.0097
-515.4467 -515.4294
-516.0473 -515.9722
-516.0125 -515.9453
-516.0473 -516.0078
-516.0842 -516.1451
-516.0125 -515.9320
-516.0042 -515.9466
-516.0473 -516.1057
-516.0442 -516.0559
-516.0697 -516.0475
-516.0666 -516.0404
-516.0666 -516.0778
-516.0473 -516.1210
-515.2121 -515.1420
-516.0390 -516.0534
-516.0042 -515.9789
-516.0390 -516.1397
-516.0390 -516.1782
-516.0042 -515.9861
-516.0390 -516.0400
-516.1014 -516.1806
-516.0390 -516.1167
-516.0119 -516.0945
-516.1045 -516.1738
-516.1045 -516.1633
-516.0697 -516.0654
-516.0697 -516.0253
-516.1238 -516.1070
-516.0614 -516.0603
-516.0266 -515.9413
-516.1045 -516.1647
-516.1045 -516.1712
-516.1268 -516.0626
-516.0614 -516.0566
-516.0697 -516.0054
-516.0091 -515.9809
-516.1268 -516.1545
-516.0227 -516.0248
-516.0227 -515.9543
-516.0697 -516.0991
-516.1268 -516.1401
-516.1045 -516.1185
-516.1045 -516.1317
-516.0614 -516.0444
-516.1045 -516.1171
-516.1045 -516.1125
-516.0662 -516.0565
-516.0662 -516.0492
-516.0254 -516.1136
-516.0183 -516.0900
-515.1874 -515.1648
-515.9971 -516.0070
-515.2218 -515.1419
-516.0237 -516.0515
-516.0013 -516.0400
-516.0808 -516.0803
-516.0808 -516.1018
-515.4589 -515.3659
-515.5308 -515.5569
-515.4037 -515.4171
-515.3715 -515.4108
-516.0008 -515.9225
-516.0091 -515.9440
-516.0237 -516.0732
-515.0384 -515.0326
-515.2392 -515.2694
-515.2247 -515.2057
-515.2598 -515.2204
-516.0149 -515.9993
-516.0004 -515.8966
-515.1609 -515.0922
-516.0128 -516.0470
-515.1969 -515.1411
-515.5363 -515.5976
-515.1157 -514.9830
-515.0062 -514.9442
-514.7963 -514.7952
-515.1110 -515.1640
-515.6553 -515.6731
-516.0091 -515.8835
-516.0091 -515.9737
-516.0662 -516.0417
-516.0662 -516.0317
-515.2878 -515.1925
-515.3669 -515.4013
-515.1287 -515.1099
-515.4249 -515.3096
-515.3760 -515.3079
-515.1033 -515.0812
-514.7993 -514.7415
-515.0211 -515.0565
-515.2397 -515.1527
-515.2571 -515.1882
-515.0545 -515.0734
-515.4229 -515.2454
-515.1862 -515.0873
-515.6044 -515.5391
-516.0227 -515.8973
-515.4674 -515.4410
-516.0184 -516.0757
-516.0038 -515.8997
-516.0038 -515.9673
-516.0491 -516.1419
-516.0122 -516.0272
-516.0038 -515.9630
-516.1062 -516.2252
-516.0122 -516.0270
-516.0497 -516.0663
-516.0122 -516.0145
-516.0693 -516.0655
-516.0693 -516.0723
-516.0839 -516.1919
-516.0693 -516.0913
-516.0038 -515.9343
-516.0122 -515.9876
-516.0839 -516.2039
-516.0693 -516.0857
-516.0038 -515.8759
-516.0644 -515.8989
-516.0291 -516.0369
-516.0862 -516.0635
-516.0042 -515.9066
-516.0868 -515.9571
-515.9964 -515.8739
-516.0644 -516.0183
-516.0638 -516.1057
-516.0067 -516.0925
-516.0493 -516.0002
-516.1434 -516.1224
-516.0493 -515.8941
-516.0410 -515.8737
-516.0410 -515.9947
-516.0493 -515.9922
-516.1434 -516.2142
-516.0493 -515.9902
-516.0410 -515.9363
-516.0410 -515.9558
-516.1075 -516.0936
-516.0242 -515.9520
-516.0096 -516.0319
-516.0430 -515.9714
-516.0034 -515.9884
-516.0284 -516.0031
-516.0096 -516.0737
-516.0945 -516.1740
-516.0034 -515.9771
-516.0159 -516.0438
-516.0004 -515.9692
-516.1299 -516.0098
-516.0284 -516.0139
-516.0576 -516.0489
-516.0125 -516.0785
-516.1517 -516.2579
-516.0493 -516.0412
-516.0013 -515.9686
-516.0277 -516.0344
-516.1075 -516.1210
-516.0242 -515.9963
-516.0727 -516.1116
-516.0034 -516.0155
-516.1299 -516.1545
-516.0727 -516.1126
-516.0034 -516.0067
-516.0722 -516.1770
-516.0430 -516.1705
-516.0842 -516.2768
-516.1668 -516.3104
-516.0430 -516.1706
-516.0284 -516.0081
-516.0242 -515.9312
-516.0242 -515.9483
-516.0277 -516.1135
-516.0951 -516.1064
-516.0004 -515.9968
-516.0004 -516.0234
-516.0868 -516.0450
-516.1299 -516.0347
-516.0576 -516.0425
-516.0576 -516.0666
-516.0004 -516.0072
-516.0042 -516.0277
-516.2458 -516.4732
-516.0073 -515.9834
-516.0790 -516.1704
-516.0073 -515.9762
-516.0644 -516.0348
-516.0296 -515.9336
-516.0421 -516.0578
-516.0421 -516.0681
-516.1221 -516.1896
-516.1075 -516.1225
-516.1221 -516.2041
-516.0421 -516.0317
-516.0504 -516.0165
-516.0053 -515.9447
-516.0421 -516.1193
-516.0504 -516.0315
-516.0421 -516.1134
-516.1075 -516.1192
-516.0504 -516.0442
-516.1075 -516.1176
-516.0073 -515.9751
-516.0644 -516.0519
-516.0034 -516.0224
-516.1075 -516.1250
-516.0727 -515.9629
-516.0644 -516.0239
-516.0727 -515.9861
-516.0053 -515.9777
-516.0156 -515.9438
-516.0088 -515.9651
-516.0156 -515.9307
-516.1221 -516.2176
-516.0504 -516.0327
-516.0421 -516.0282
-516.0053 -515.9442
-516.0073 -515.9470
-516.0073 -515.9764
-516.0073 -515.9909
-516.0421 -516.0116
-516.0053 -515.9762
-516.1221 -516.2290
-516.0790 -516.1679
-516.0088 -515.9688
-516.0379 -516.0507
-516.0296 -515.9289
-516.1326 -516.1539
