1 2 4 16 17 19 24 41 42 47 51 54	-515.174680
1 2 4 16 17 22 23 26 36 49 50 51	-515.784280
1 2 4 16 17 22 24 26 44 49 55 56	-515.585450
1 2 4 16 17 22 24 34 38 51 53 59	-515.568950
1 2 4 16 17 23 26 31 36 46 49 55	-515.331000
1 2 4 16 17 24 26 31 41 49 53 58	-515.604840
1 2 4 16 17 27 42 44 45 48 55 58	-515.253740
1 2 4 16 19 21 31 34 35 52 57 60	-515.049020
1 2 4 16 19 21 31 34 43 49 55 58	-515.374070
1 2 4 16 19 22 35 39 44 46 54 55	-515.425090
1 2 4 16 19 23 31 39 45 49 51 55	-514.912350
1 2 4 16 19 24 29 32 42 52 55 57	-515.146630
1 2 4 16 19 29 31 36 41 53 58 59	-515.037010
1 2 4 16 19 29 34 42 43 51 59 60	-515.424010
1 2 4 16 19 30 34 35 40 47 51 54	-515.496310
1 2 4 16 19 34 36 39 42 49 50 56	-514.856330
1 2 4 16 21 22 24 26 32 46 53 54	-515.238910
1 2 4 16 21 22 34 38 43 51 55 57	-515.066180
1 2 4 16 21 24 31 38 41 49 51 60	-515.383380
1 2 4 16 21 27 32 33 36 47 56 57	-514.918520
1 2 4 16 22 24 29 34 38 50 52 59	-515.197850
1 2 4 16 22 36 38 39 41 52 54 60	-515.271580
1 2 4 16 23 26 29 42 43 48 50 51	-515.372340
1 2 4 16 23 26 33 35 39 53 56 59	-515.371100
1 2 4 16 23 26 36 39 40 52 53 57	-515.069340
1 2 4 16 23 27 30 35 40 50 52 59	-514.995040
1 2 4 16 24 30 31 32 38 50 52 57	-515.025920
1 2 4 16 24 30 32 38 42 49 58 60	-515.368270
1 2 4 16 24 31 38 39 44 53 54 56	-515.204550
1 2 4 16 26 30 31 43 44 48 50 58	-515.549860
1 2 4 16 31 32 38 39 43 49 58 60	-515.551310
1 2 4 18 19 22 30 32 43 46 48 53	-514.872200
1 2 4 18 19 22 35 39 44 46 47 59	-515.216890
1 2 4 18 19 24 29 31 41 48 55 56	-515.030400
1 2 4 18 19 24 30 31 32 50 56 57	-514.461940
1 2 4 18 22 23 26 30 35 47 52 59	-515.033070
1 2 4 18 22 23 26 39 45 50 56 59	-515.537730
1 2 4 18 22 26 29 35 44 47 48 52	-514.819510
1 2 4 18 23 27 30 40 45 46 50 57	-515.249560
1 2 4 18 24 30 32 38 40 51 55 57	-514.864890
1 2 4 18 26 29 42 44 45 49 58 60	-515.296290
1 2 4 18 30 31 35 38 41 52 57 60	-515.252300
1 2 4 18 31 35 38 39 44 46 54 60	-515.236110
1 2 4 22 23 26 29 37 45 51 55 57	-515.294800
1 2 4 22 23 28 38 39 43 46 55 57	-514.940510
1 2 4 22 25 29 35 38 44 50 52 54	-514.903540
1 2 4 22 27 28 29 32 45 48 53 58	-514.844270
1 2 4 26 28 31 39 41 43 52 53 59	-515.344010
1 2 8 16 17 20 31 35 44 47 56 59	-516.018640
1 2 8 16 17 20 31 36 44 47 49 56	-515.797290
1 2 8 16 17 20 32 42 45 46 48 60	-515.342460
1 2 8 16 17 23 31 35 38 49 52 55	-515.428290
1 2 8 16 17 23 35 38 40 46 50 57	-515.602970
1 2 8 16 17 27 36 42 44 48 55 58	-515.490580
1 2 8 16 17 27 36 42 44 49 50 52	-515.378060
1 2 8 16 20 22 29 34 45 50 51 57	-515.346440
1 2 8 16 20 29 32 40 45 53 54 56	-515.014350
1 2 8 16 21 22 26 32 36 52 54 55	-515.253970
1 2 8 16 21 23 27 35 42 46 50 57	-515.267690
1 2 8 16 21 23 27 36 42 51 55 57	-514.881900
1 2 8 16 21 23 27 42 43 46 49 60	-515.103990
1 2 8 16 21 36 38 41 42 46 48 60	-515.633300
1 2 8 16 22 23 24 26 39 51 54 60	-515.325660
1 2 8 16 23 24 26 30 33 49 51 55	-515.145980
1 2 8 16 23 26 29 40 45 50 58 59	-515.194740
1 2 8 16 23 30 31 35 38 46 50 57	-515.429430
1 2 8 16 24 26 30 32 33 47 52 59	-515.142040
1 2 8 17 18 20 22 41 43 47 49 51	-515.164750
1 2 8 17 18 20 34 40 43 50 51 59	-515.141890
1 2 8 17 18 22 23 26 43 48 51 53	-515.365940
1 2 8 17 18 22 26 32 35 50 58 59	-515.556920
1 2 8 17 18 23 24 27 40 50 52 57	-515.417120
1 2 8 17 18 23 24 38 42 48 51 60	-515.410800
1 2 8 17 18 24 31 32 38 49 50 56	-515.032570
1 2 8 17 20 22 24 34 37 47 49 51	-515.269350
1 2 8 17 20 28 32 36 40 50 54 58	-515.205750
1 2 8 17 20 33 34 36 37 50 56 59	-515.220390
1 2 8 17 22 25 26 36 44 47 48 52	-515.092170
1 2 8 17 24 26 28 31 32 51 55 57	-515.141110
1 2 8 17 24 26 28 32 42 46 47 59	-515.597640
1 2 8 17 26 36 37 41 42 52 55 57	-514.982980
1 2 8 18 20 21 24 32 42 48 52 55	-514.944170
1 2 8 18 20 24 29 32 42 48 51 55	-514.795170
1 2 8 18 20 32 33 35 39 50 51 57	-515.163960
1 2 8 18 23 24 26 39 40 46 55 57	-515.673060
1 2 8 18 26 30 31 32 35 48 52 60	-515.192460
1 2 8 18 29 31 38 43 44 48 58 60	-515.401340
1 2 8 18 31 32 38 39 45 51 59 60	-515.109940
1 2 8 20 21 24 25 33 44 52 53 54	-515.309570
1 2 8 21 22 23 26 28 36 49 52 53	-515.307870
1 2 8 21 22 28 38 44 45 49 55 58	-515.081190
1 2 8 21 22 32 35 37 38 50 58 59	-514.741480
1 2 8 21 25 27 36 40 44 53 54 58	-515.056450
1 2 8 21 34 35 37 38 42 51 54 55	-515.152670
1 2 8 22 23 24 26 28 29 47 49 56	-515.188220
1 2 8 22 23 26 29 37 43 50 56 57	-515.073400
1 2 8 22 23 26 30 37 45 53 56 59	-515.245380
1 2 8 22 24 25 26 29 41 46 49 55	-515.087270
1 2 8 23 26 28 29 40 45 50 56 57	-515.539060
1 2 8 26 31 32 37 39 43 49 52 60	-515.440970
1 2 11 16 20 23 33 39 43 51 57 60	-516.225190
1 2 14 16 17 20 23 35 42 46 59 60	-516.063520
1 2 14 16 17 20 34 35 42 46 47 59	-516.122390
1 2 14 16 17 20 35 42 44 46 59 60	-516.214190
1 2 14 16 17 23 27 35 42 46 59 60	-516.257940
1 2 14 16 17 24 27 42 44 46 59 60	-516.276810
1 2 14 16 17 24 27 42 44 52 54 60	-516.310360
1 2 14 16 17 27 35 42 44 46 59 60	-516.473210
1 2 4 16 17 20 22 23 43 49 51 53	-516.053920
1 2 4 16 17 20 22 34 35 46 47 48	-515.980140
1 2 4 16 17 20 22 34 35 46 47 54	-515.989190
1 2 4 16 17 20 22 34 35 46 47 57	-515.956820
1 2 4 16 17 20 22 34 35 46 47 59	-516.156100
1 2 4 16 17 20 22 34 43 47 48 58	-516.055320
1 2 4 16 17 20 22 34 43 47 49 58	-516.154290
1 2 4 16 17 20 22 34 43 47 58 59	-516.193650
1 2 4 16 17 20 22 34 45 46 47 57	-515.794510
1 2 4 16 17 20 22 35 44 46 48 60	-516.032850
1 2 4 16 17 20 22 35 44 46 54 60	-516.013500
1 2 4 16 17 20 22 35 44 46 57 60	-516.073270
1 2 4 16 17 20 22 35 44 46 59 60	-516.127420
1 2 4 16 17 20 22 35 44 52 53 54	-516.019640
1 2 4 16 17 20 22 43 44 48 58 60	-516.083290
1 2 4 16 17 20 22 43 44 49 53 58	-516.148430
1 2 4 16 17 20 22 43 44 49 58 60	-516.132420
1 2 4 16 17 20 22 43 44 53 58 59	-516.069530
1 2 4 16 17 20 22 43 44 58 59 60	-516.115340
1 2 4 16 17 20 31 32 35 46 47 48	-516.132060
1 2 4 16 17 20 31 32 36 46 47 48	-516.106870
1 2 4 16 17 20 31 32 43 47 48 58	-516.051830
1 2 4 16 17 20 31 34 35 46 47 48	-516.154720
1 2 4 16 17 20 31 34 35 46 47 54	-515.981430
1 2 4 16 17 20 31 34 35 46 47 57	-516.061110
1 2 4 16 17 20 31 34 35 46 47 59	-516.061870
1 2 4 16 17 20 31 34 43 47 48 58	-516.204520
1 2 4 16 17 20 31 34 43 47 49 58	-516.204190
1 2 4 16 17 20 31 34 43 47 58 59	-516.139640
1 2 4 16 17 20 31 34 45 46 47 57	-515.962170
1 2 4 16 17 20 31 35 44 46 48 60	-516.081910
1 2 4 16 17 20 31 35 44 46 57 60	-516.097620
1 2 4 16 17 20 31 43 44 47 48 58	-515.993980
1 2 4 16 17 20 31 43 44 48 58 60	-516.150270
1 2 4 16 17 20 31 43 44 49 53 58	-516.092480
1 2 4 16 17 20 31 43 44 49 58 60	-516.129840
1 2 4 16 17 20 33 34 35 46 47 48	-516.159300
1 2 4 16 17 20 33 34 35 46 47 57	-515.945640
1 2 4 16 17 20 33 34 35 46 47 59	-515.945040
1 2 4 16 17 20 33 34 43 46 47 48	-515.945830
1 2 4 16 17 20 33 34 43 47 48 51	-515.959910
1 2 4 16 17 20 33 34 43 47 48 58	-516.233390
1 2 4 16 17 20 33 34 43 47 58 59	-516.049790
1 2 4 16 17 20 33 34 43 48 55 58	-516.125580
1 2 4 16 17 20 33 34 45 46 47 57	-515.857330
1 2 4 16 17 20 33 43 44 46 48 60	-516.054540
1 2 4 16 17 20 33 43 44 47 48 58	-516.064390
1 2 4 16 17 20 33 43 44 48 53 58	-516.084960
1 2 4 16 17 20 33 43 44 48 55 58	-516.112070
1 2 4 16 17 20 33 43 44 48 58 60	-516.305510
1 2 4 16 17 20 33 43 44 49 53 58	-516.084950
1 2 4 16 17 20 42 43 44 46 59 60	-516.103970
1 2 4 16 17 20 42 43 44 49 58 60	-516.106510
1 2 4 16 17 20 42 43 44 58 59 60	-516.269630
1 2 4 16 17 22 26 43 44 50 58 59	-516.199210
1 2 4 16 17 27 33 34 35 46 47 48	-516.011950
1 2 4 16 17 27 33 34 43 47 48 58	-516.019850
1 2 4 16 17 27 33 35 44 46 48 60	-516.057220
1 2 4 16 17 27 33 43 44 48 58 60	-516.059720
1 2 4 16 17 33 35 38 41 46 48 60	-515.937850
1 2 4 16 17 33 35 38 44 46 48 60	-516.061740
1 2 4 16 17 33 38 43 44 48 58 60	-516.075510
1 2 4 16 17 35 38 42 44 46 59 60	-516.235060
1 2 8 16 17 20 23 31 35 46 48 60	-516.086580
1 2 8 16 17 20 23 31 35 46 49 53	-515.921210
1 2 8 16 17 20 24 31 44 48 58 60	-516.182610
1 2 8 16 17 20 31 32 43 47 48 58	-516.140190
1 2 8 16 17 20 31 34 35 46 47 48	-516.223910
1 2 8 16 17 20 31 34 43 47 48 58	-516.226920
1 2 8 16 17 20 31 35 44 46 48 60	-516.189050
1 2 8 16 17 20 31 35 44 46 57 60	-516.207690
1 2 8 16 17 20 31 36 44 46 48 60	-516.158630
1 2 8 16 17 20 31 43 44 47 48 58	-516.176690
1 2 8 16 17 20 31 43 44 48 58 60	-516.245290
1 2 8 16 17 20 31 43 44 49 53 58	-516.188380
1 2 8 16 17 20 31 43 44 49 58 60	-516.217500
1 2 8 16 17 20 33 35 44 46 48 60	-516.002450
1 2 8 16 17 20 33 43 44 48 58 60	-516.034060
1 2 8 16 17 20 35 42 44 46 59 60	-516.167210
1 2 8 16 17 22 26 32 43 50 58 59	-516.165860
1 2 8 16 17 22 26 43 44 49 50 58	-516.142140
1 2 8 16 17 22 26 43 44 50 58 59	-516.216020
1 2 8 16 17 26 31 35 44 46 48 60	-516.170700
1 2 8 16 17 26 31 43 44 47 48 58	-516.188660
1 2 8 16 17 26 31 43 44 48 58 60	-516.221890
1 2 8 16 17 26 32 35 40 46 48 55	-516.139480
1 2 8 16 17 26 33 43 44 48 50 58	-515.957230
1 2 8 16 17 26 35 42 44 46 59 60	-516.185930
1 2 8 16 20 24 29 31 44 49 58 60	-516.135090
1 2 8 16 20 31 35 39 44 46 57 60	-516.222090
1 2 8 16 20 31 35 39 44 46 59 60	-516.087180
1 2 8 16 26 31 32 39 43 46 47 57	-516.107010
1 2 11 16 20 33 35 39 44 46 57 60	-516.191870
1 2 11 16 20 34 39 42 43 47 58 59	-516.203910
1 2 14 16 17 20 23 42 43 50 51 59	-515.957090
1 2 14 16 17 23 24 26 42 50 51 54	-516.093550
1 2 14 16 17 23 26 35 42 46 50 59	-516.173990
1 2 14 16 17 23 26 42 43 50 51 59	-516.009820
1 2 14 16 17 24 26 32 42 50 51 54	-516.121040
1 2 14 16 17 24 26 42 44 50 52 54	-516.154500
1 2 14 16 17 26 32 36 42 46 50 59	-516.106420
1 2 14 16 17 26 32 42 43 46 50 59	-516.044970
1 2 14 16 17 26 32 42 43 50 51 59	-516.034700
1 2 14 16 20 23 24 29 42 49 50 51	-516.170450
1 2 14 16 23 24 26 29 31 49 50 51	-516.189550
1 2 14 16 23 24 26 29 40 50 51 57	-516.122520
1 2 14 16 23 24 26 29 42 49 50 51	-516.204110
1 2 14 16 23 24 27 29 40 51 57 60	-516.119230
1 2 14 16 23 24 27 29 42 51 57 60	-516.117630
1 2 14 16 23 26 39 40 43 50 51 57	-516.124950
1 2 14 16 24 26 29 32 42 49 50 51	-516.217570
1 2 14 16 24 27 29 42 44 46 57 60	-516.229000
1 2 14 16 24 27 29 42 44 52 54 60	-516.167920
1 2 4 16 17 19 22 34 35 46 47 59	-516.152220
1 2 4 16 17 19 22 34 43 47 58 59	-516.128290
1 2 4 16 17 20 22 23 24 51 53 54	-515.949090
1 2 4 16 17 20 22 23 43 49 53 58	-516.065680
1 2 4 16 17 20 22 32 35 46 47 59	-516.138900
1 2 8 16 17 20 23 24 31 51 57 60	-516.110450
1 2 8 16 17 20 23 31 35 46 57 60	-516.103600
1 2 8 16 17 20 23 31 36 46 48 60	-516.074080
1 2 8 16 17 20 23 35 42 46 59 60	-516.065580
1 2 8 16 17 20 24 31 44 52 54 60	-516.129730
1 2 8 16 17 20 31 32 35 46 47 48	-516.240490
1 2 8 16 17 20 31 32 36 46 47 48	-516.209640
1 2 8 16 17 20 31 34 36 46 47 48	-516.193650
1 2 8 16 17 20 31 34 43 47 49 58	-516.203340
1 2 8 16 17 20 31 36 44 48 52 60	-516.149560
1 2 8 16 17 22 23 24 26 50 51 54	-516.182280
1 2 8 16 17 22 23 26 43 49 50 51	-516.081170
1 2 8 16 17 22 23 26 43 50 51 59	-516.082740
1 2 8 16 17 22 24 26 32 50 51 54	-516.192580
1 2 8 16 17 22 24 26 32 50 52 54	-516.157130
1 2 8 16 17 22 24 26 32 54 55 58	-516.073310
1 2 8 16 17 22 24 26 44 50 52 54	-516.201070
1 2 8 16 17 22 24 26 44 54 55 58	-516.091350
1 2 8 16 17 22 26 32 35 46 48 55	-516.076300
1 2 8 16 17 22 26 32 35 46 50 59	-516.269400
1 2 8 16 17 22 26 32 35 46 54 55	-516.088570
1 2 8 16 17 22 26 32 43 48 55 58	-516.109980
1 2 8 16 17 22 26 32 43 49 50 51	-516.112490
1 2 8 16 17 22 26 32 43 49 55 58	-516.134650
1 2 8 16 17 22 26 32 43 50 51 59	-516.105620
1 2 8 16 17 22 26 35 44 46 50 59	-516.182360
1 2 8 16 17 22 26 35 44 50 52 54	-516.147490
1 2 8 16 17 22 26 43 44 48 55 58	-516.087460
1 2 8 16 17 22 26 43 44 49 55 58	-516.101150
1 2 8 16 17 26 31 32 35 46 47 48	-516.272300
1 2 8 16 17 26 31 32 36 46 47 48	-516.233950
1 2 8 16 17 26 31 32 43 47 48 58	-516.168010
1 2 8 16 17 26 31 36 44 46 48 60	-516.134750
1 2 8 16 17 26 31 43 44 49 50 58	-516.079850
1 2 8 16 17 26 31 43 44 49 53 58	-516.121900
1 2 8 16 17 26 31 43 44 49 58 60	-516.174920
1 2 8 16 17 26 32 35 42 46 50 59	-516.229510
1 2 8 16 17 35 38 42 44 46 59 60	-516.278370
1 2 8 16 20 21 24 31 44 46 57 60	-516.196520
1 2 8 16 20 21 24 31 44 48 58 60	-516.118620
1 2 8 16 20 21 24 31 44 49 52 53	-516.091860
1 2 8 16 20 21 24 31 44 49 53 58	-516.161010
1 2 8 16 20 21 24 31 44 49 58 60	-516.097670
1 2 8 16 20 21 24 31 44 52 57 60	-516.198450
1 2 8 16 20 24 29 31 44 46 57 60	-516.164180
1 2 8 16 20 24 29 31 44 49 52 53	-516.174970
1 2 8 16 20 24 29 31 44 49 53 58	-516.197010
1 2 8 16 20 24 29 31 44 52 57 60	-516.182140
1 2 8 16 20 24 31 39 44 46 57 60	-516.205200
1 2 8 16 20 24 31 39 44 52 57 60	-516.250480
1 2 8 16 23 24 26 29 31 49 50 51	-516.145440
1 2 8 16 23 24 26 39 40 50 51 54	-516.214140
1 2 8 16 23 26 31 39 43 49 50 51	-516.066110
1 2 8 16 23 26 39 40 43 50 51 57	-516.141270
1 2 8 16 23 26 39 40 43 50 51 59	-516.130640
1 2 8 16 24 26 29 31 32 49 50 51	-516.145080
1 2 8 16 24 26 32 39 40 50 51 54	-516.180560
1 2 8 16 26 31 32 35 39 46 47 57	-516.173770
1 2 8 16 26 31 32 35 39 46 47 59	-516.163260
1 2 8 16 26 31 32 39 43 47 49 58	-516.164680
1 2 8 16 26 31 32 39 43 47 58 59	-516.171200
1 2 8 16 26 31 32 39 43 49 50 51	-516.062590
1 2 8 16 26 31 35 39 44 46 57 60	-516.154480
1 2 8 16 26 32 35 39 40 46 50 59	-516.140130
1 2 8 16 26 32 35 39 40 46 54 55	-516.118480
1 2 8 16 26 32 35 39 40 46 55 57	-516.131690
1 2 8 16 26 32 39 40 43 50 51 57	-516.117060
1 2 8 16 26 32 39 40 43 50 51 59	-516.112520
1 2 8 17 18 22 23 26 35 50 52 54	-516.080270
1 2 8 17 18 22 23 26 35 50 56 59	-516.101770
1 6 15 19 22 30 34 37 45 47 56 59	-516.153870
1 2 14 16 17 20 24 34 42 47 56 59	-515.873870
1 2 14 16 17 20 32 35 42 46 47 59	-516.105660
1 2 14 16 17 23 24 26 42 50 56 59	-515.971370
1 2 14 16 17 24 27 42 44 46 54 60	-516.177000
1 2 14 16 17 24 27 42 44 46 57 60	-516.170480
1 2 14 16 17 24 27 42 44 52 57 60	-516.170550
1 2 4 16 17 19 22 24 34 50 51 54	-516.063100
1 2 4 16 17 19 22 24 34 54 55 58	-516.076250
1 2 4 16 17 19 22 24 41 47 56 59	-515.667450
1 2 4 16 17 19 22 24 41 53 56 59	-515.670180
1 2 4 16 17 19 22 24 44 46 57 60	-515.730390
1 2 4 16 17 19 22 24 44 52 57 60	-515.704910
1 2 4 16 17 19 22 34 43 47 49 58	-516.081960
1 2 4 16 17 19 22 34 43 48 55 58	-516.053620
1 2 4 16 17 19 22 34 43 49 55 58	-516.083800
1 2 4 16 17 19 22 35 44 46 57 60	-515.877290
1 2 4 16 17 20 22 23 24 49 51 53	-515.943560
1 2 4 16 17 20 22 23 24 51 57 60	-515.837250
1 2 4 16 17 20 22 23 35 46 49 53	-515.948820
1 2 4 16 17 20 22 23 35 46 57 60	-515.974660
1 2 4 16 17 20 22 23 43 48 55 58	-515.896140
1 2 4 16 17 20 22 23 43 49 55 58	-515.940950
1 2 4 16 17 20 22 23 45 46 57 60	-515.802370
1 2 4 16 17 20 22 23 45 51 57 60	-515.826360
1 2 4 16 17 20 22 32 35 46 49 53	-515.942830
1 2 4 16 17 20 22 44 45 46 57 60	-515.843060
1 2 4 16 17 22 24 26 44 50 52 54	-516.132380
1 2 4 16 17 22 26 32 35 46 50 59	-516.221080
1 2 8 16 17 20 22 23 43 49 51 53	-516.011090
1 2 8 16 17 20 22 35 44 46 57 60	-516.004860
1 2 8 16 17 20 22 43 44 49 53 58	-516.097400
1 2 8 16 17 20 23 24 31 49 51 53	-516.059230
1 2 8 16 17 20 23 24 40 48 55 58	-515.856080
1 2 8 16 17 20 23 31 43 48 55 58	-516.143920
1 2 8 16 17 20 23 31 43 49 55 58	-516.152850
1 2 8 16 17 20 24 31 34 47 48 58	-516.209410
1 2 8 16 17 20 24 31 34 47 52 54	-515.986090
1 2 8 16 17 20 24 31 41 47 48 56	-515.827620
1 2 8 16 17 20 24 31 44 46 57 60	-516.173800
1 2 8 16 17 20 24 31 44 52 57 60	-516.222670
1 2 8 16 17 20 31 32 35 46 47 54	-516.057840
1 2 8 16 17 20 31 32 35 46 47 57	-516.153940
1 2 8 16 17 20 31 32 35 46 47 59	-516.133120
1 2 8 16 17 20 31 32 35 46 49 53	-515.905830
1 2 8 16 17 20 31 32 45 46 47 57	-516.168110
1 2 8 16 17 20 31 34 45 46 47 57	-516.125540
1 2 8 16 17 20 31 36 41 47 48 56	-515.996380
1 2 8 16 17 20 31 43 44 47 49 58	-516.165220
1 2 8 16 17 20 31 44 45 46 57 60	-516.159860
1 2 8 16 17 22 23 24 26 50 52 54	-516.084500
1 2 8 16 17 22 23 24 26 50 56 59	-515.915160
1 2 8 16 17 22 23 26 35 46 50 59	-516.142840
1 2 8 16 17 22 24 26 32 50 56 59	-515.994140
1 2 8 16 17 22 24 26 41 53 56 59	-515.725950
1 2 8 16 17 22 24 38 41 52 53 54	-515.971520
1 2 8 16 17 22 24 38 41 53 56 59	-515.783170
1 2 8 16 17 22 24 38 41 54 55 58	-515.924000
1 2 8 16 17 22 26 32 35 46 48 50	-516.076390
1 2 8 16 17 22 26 32 35 46 49 50	-516.069880
1 2 8 16 17 22 26 32 35 46 50 54	-516.100000
1 2 8 16 17 22 26 35 44 46 57 60	-516.034840
1 2 8 16 17 22 26 36 44 50 52 54	-516.080390
1 2 8 16 17 22 35 38 41 53 56 59	-515.940770
1 2 8 16 17 22 38 41 43 48 55 58	-515.936790
1 2 8 16 17 22 38 41 43 49 55 58	-515.967680
1 2 8 16 17 24 38 41 42 54 55 58	-516.023090
1 2 8 16 17 26 31 32 35 46 47 54	-516.075060
1 2 8 16 17 26 31 32 35 46 47 57	-516.160970
1 2 8 16 17 26 31 32 35 46 47 59	-516.150960
1 2 8 16 17 26 31 32 43 49 55 58	-516.139730
1 2 8 16 17 26 31 32 45 46 47 57	-516.151590
1 2 8 16 17 26 31 35 44 46 57 60	-516.166270
1 2 8 16 17 26 31 43 44 47 49 58	-516.159490
1 2 8 16 17 26 31 43 44 49 55 58	-516.127130
1 2 8 16 17 26 32 33 35 46 48 50	-515.989290
1 2 8 16 17 26 35 42 44 46 50 59	-516.146430
1 2 8 16 20 21 24 31 32 46 47 57	-516.088820
1 2 8 16 20 21 24 31 34 46 47 57	-516.120690
1 2 8 16 20 21 24 31 34 47 48 58	-516.154760
1 2 8 16 20 24 29 31 44 49 52 60	-516.079630
1 2 8 16 20 29 31 32 35 46 49 53	-515.717240
1 2 8 16 21 23 24 26 31 49 50 51	-516.122860
1 2 8 16 21 24 26 31 32 46 47 57	-516.080290
1 2 8 16 21 24 26 31 32 46 57 60	-516.020030
1 2 8 16 21 24 26 31 32 49 50 51	-516.105060
1 2 8 16 21 24 26 31 44 46 57 60	-516.148020
1 2 8 16 21 24 26 31 44 52 57 60	-516.148020
1 2 8 16 24 26 29 31 44 49 50 58	-516.040450
1 2 8 16 24 26 29 31 44 49 58 60	-516.077760
1 2 11 16 20 23 33 35 39 46 57 60	-516.141900
1 2 11 16 20 23 39 42 43 50 51 59	-516.066310
1 2 11 16 20 33 34 35 39 46 47 57	-516.065510
1 2 11 16 20 33 34 39 43 47 51 57	-516.072260
1 2 11 16 20 34 35 39 42 46 47 59	-516.091340
1 2 11 16 20 35 39 42 44 46 59 60	-516.085680
1 2 14 16 17 20 23 24 42 50 51 54	-515.898850
1 2 14 16 17 20 23 35 42 46 50 59	-516.036900
1 2 14 16 17 20 24 42 44 52 54 60	-516.018290
1 2 14 16 17 20 32 42 43 47 58 59	-516.000200
1 2 14 16 17 20 34 36 42 46 47 59	-515.894080
1 2 14 16 17 20 34 42 43 46 47 59	-515.873690
1 2 14 16 17 20 35 42 44 46 48 60	-515.994700
1 2 14 16 17 20 35 42 44 46 54 60	-515.992150
1 2 14 16 17 20 36 42 44 46 59 60	-515.990240
1 2 14 16 17 20 42 43 44 46 59 60	-515.936350
1 2 14 16 17 20 42 43 44 47 58 59	-515.955800
1 2 14 16 17 23 27 35 42 46 54 60	-516.048870
1 2 14 16 17 23 27 42 43 46 59 60	-516.041240
1 2 14 16 17 24 26 32 42 50 52 54	-516.111630
1 2 14 16 17 24 26 42 44 52 54 60	-516.112610
1 2 14 16 17 26 36 42 44 46 59 60	-516.042480
1 2 14 16 17 26 36 42 44 50 52 54	-516.066550
1 2 14 16 20 23 24 29 42 51 57 60	-516.034770
1 2 14 16 20 23 39 42 43 50 51 59	-515.933650
1 2 14 16 23 24 26 29 42 50 51 57	-516.016520
1 2 14 16 23 24 27 29 40 46 57 60	-516.031510
1 2 14 16 23 24 27 29 42 46 57 60	-516.044230
1 2 14 16 23 24 27 39 40 51 57 60	-516.051910
1 2 14 16 23 26 39 42 43 50 51 59	-515.962890
1 2 14 16 23 27 39 40 43 50 51 57	-516.023850
1 2 14 16 24 26 29 32 40 46 50 57	-515.986120
1 2 14 16 24 26 29 32 42 49 50 52	-516.032690
1 2 14 16 26 29 32 36 42 46 50 59	-516.050650
1 2 14 16 26 32 39 42 43 46 50 59	-515.928850
1 2 8 16 17 20 22 23 24 51 53 54	-515.952900
1 2 8 16 17 20 22 24 44 52 53 54	-516.043190
1 2 8 16 17 20 23 24 42 50 51 54	-515.907580
1 2 8 16 17 20 23 31 43 48 58 60	-516.088240
1 2 8 16 17 20 23 42 43 50 51 59	-515.973740
1 2 8 16 17 20 24 31 44 48 52 60	-516.117700
1 2 8 16 17 20 24 42 44 52 54 60	-515.992440
1 2 8 16 17 20 31 32 43 47 49 58	-516.137950
1 2 8 16 17 20 31 35 44 46 49 53	-515.951860
1 2 8 16 17 20 31 35 44 46 54 60	-516.040380
1 2 8 16 17 20 31 43 44 48 53 58	-516.043550
1 2 8 16 17 20 31 43 44 49 52 53	-516.030230
1 2 8 16 17 20 35 42 44 46 54 60	-515.957520
1 2 8 16 17 20 36 42 44 46 59 60	-515.941600
1 2 8 16 17 22 26 32 36 46 48 55	-515.854050
1 2 8 16 17 22 26 32 36 46 50 59	-515.996460
1 2 8 16 17 22 26 32 43 46 50 59	-516.002300
1 2 8 16 17 22 26 32 43 49 50 58	-516.106140
1 2 8 16 17 22 26 43 44 49 53 58	-516.021310
1 2 8 16 17 23 26 31 43 49 50 51	-516.029860
1 2 8 16 17 23 26 35 42 46 50 59	-516.106470
1 2 8 16 17 23 26 42 43 50 51 59	-515.936870
1 2 8 16 17 24 26 31 44 48 58 60	-516.156620
1 2 8 16 17 24 26 40 44 50 52 54	-516.042390
1 2 8 16 17 24 26 42 44 50 52 54	-516.040110
1 2 8 16 17 26 31 32 35 46 48 55	-516.037030
1 2 8 16 17 26 31 32 35 46 48 60	-516.080980
1 2 8 16 17 26 31 32 36 46 48 60	-516.056230
1 2 8 16 17 26 31 32 43 47 49 58	-516.153640
1 2 8 16 17 26 31 32 43 48 55 58	-516.108100
1 2 8 16 17 26 31 32 43 49 50 51	-516.048770
1 2 8 16 17 26 31 36 44 48 52 60	-516.115140
1 2 8 16 17 26 31 43 44 48 55 58	-516.124940
1 2 8 16 17 26 32 35 40 46 54 55	-516.075310
1 2 8 16 17 26 32 36 42 46 50 59	-515.989180
1 2 8 16 17 26 32 42 43 50 51 59	-515.940230
1 2 8 16 17 31 35 38 44 46 48 60	-516.135550
1 2 8 16 17 31 38 43 44 48 58 60	-516.146480
1 2 8 16 20 21 24 31 44 48 52 60	-516.005640
1 2 8 16 20 29 31 36 44 46 48 60	-516.037630
1 2 8 16 20 31 35 39 44 46 49 53	-515.871190
1 2 8 16 21 24 26 31 44 48 58 60	-516.083570
1 2 8 16 23 26 31 39 43 50 51 59	-516.038820
1 2 8 16 23 26 35 39 40 46 50 59	-516.078260
1 2 8 16 24 26 29 31 44 49 50 52	-516.047460
1 2 8 16 26 31 32 35 39 46 50 59	-516.065360
1 2 8 16 26 31 32 35 39 46 57 60	-516.025300
1 2 8 16 26 31 32 39 43 46 47 59	-516.060300
1 2 8 16 26 31 32 39 43 49 50 58	-516.056640
1 2 8 16 26 31 32 39 43 50 51 59	-516.005450
1 2 8 16 26 31 35 39 44 46 59 60	-516.024800
1 2 8 16 26 31 39 43 44 49 50 52	-515.954330
1 2 8 16 26 32 35 39 40 46 50 57	-516.099140
1 2 8 16 26 32 39 40 43 46 50 59	-516.044380
1 2 8 16 26 35 39 40 44 46 50 59	-516.056470
1 2 8 16 26 35 39 40 44 50 52 54	-516.049160
1 2 8 18 23 26 35 39 40 50 52 54	-516.041660
1 2 8 18 23 26 35 39 40 50 56 59	-516.031680
1 2 8 23 26 28 31 39 43 49 50 52	-515.897330
1 2 14 16 17 23 24 26 42 50 51 59	-515.952050
1 2 14 16 17 23 24 27 42 51 57 60	-516.003140
1 2 14 16 17 23 26 35 42 50 56 59	-516.043810
1 2 14 16 17 23 26 42 43 50 56 59	-516.013870
1 2 14 16 17 23 27 35 42 46 57 60	-516.078550
1 2 14 16 17 24 26 32 42 46 50 59	-516.034350
1 2 14 16 17 24 26 32 42 50 51 59	-515.996320
1 2 14 16 17 24 32 38 42 50 51 54	-516.008130
1 2 14 16 17 24 38 41 42 52 54 55	-515.931220
1 2 14 16 17 24 38 41 42 52 54 60	-515.948310
1 2 14 16 17 24 38 42 44 52 54 60	-516.113460
1 2 14 16 20 24 29 42 44 46 57 60	-516.057780
1 2 14 16 20 24 29 42 44 52 57 60	-516.068140
1 2 14 16 23 24 26 29 42 50 51 54	-516.031650
1 2 14 16 23 24 26 39 40 50 51 57	-516.119260
1 2 14 16 23 24 27 29 40 50 51 57	-516.113420
1 2 14 16 24 26 29 32 42 50 51 54	-516.028170
1 2 14 16 24 26 32 39 40 46 55 57	-516.011560
1 2 4 16 17 20 22 32 43 47 58 59	-516.038960
1 2 4 16 17 20 22 34 36 46 47 59	-515.951180
1 2 4 16 17 20 22 34 43 46 47 59	-515.970080
1 2 4 16 17 20 22 34 43 47 51 59	-515.990650
1 2 4 16 17 20 22 35 44 46 49 53	-515.934130
1 2 4 16 17 20 22 36 44 52 53 54	-515.979780
1 2 4 16 17 20 22 43 44 47 58 59	-516.004370
1 2 4 16 17 20 22 43 44 48 53 58	-515.986430
1 2 4 16 17 33 38 41 43 48 55 58	-516.019700
1 2 8 16 17 20 23 24 31 46 57 60	-516.085660
1 2 8 16 17 20 23 24 31 50 51 54	-516.028040
1 2 8 16 17 20 23 24 31 51 53 54	-515.893760
1 2 8 16 17 20 23 31 36 48 50 51	-515.903260
1 2 8 16 17 20 23 33 35 46 48 60	-515.971070
1 2 8 16 17 20 23 35 40 46 48 55	-515.810160
1 2 8 16 17 20 24 31 32 47 48 58	-516.084850
1 2 8 16 17 20 24 31 44 52 53 54	-516.020140
1 2 8 16 17 20 31 34 35 46 47 54	-516.049160
1 2 8 16 17 20 31 34 35 46 47 57	-516.159710
1 2 8 16 17 20 31 34 35 46 47 59	-516.069690
1 2 8 16 17 20 31 34 43 47 58 59	-516.119640
1 2 8 16 17 20 31 35 41 47 48 56	-515.860560
1 2 8 16 17 20 31 36 44 48 58 60	-516.101180
1 2 8 16 17 20 31 43 44 46 57 60	-516.087160
1 2 8 16 17 20 34 35 42 46 47 59	-516.011720
1 2 8 16 17 20 34 42 43 47 58 59	-516.040090
1 2 8 16 17 22 23 26 43 50 56 59	-515.986660
1 2 8 16 17 22 24 26 32 46 54 55	-515.934300
1 2 8 16 17 22 24 26 32 48 55 58	-516.000040
1 2 8 16 17 22 24 26 44 48 55 58	-515.997080
1 2 8 16 17 22 24 26 44 52 54 55	-516.059030
1 2 8 16 17 22 26 35 44 46 48 60	-516.013920
1 2 8 16 17 22 26 43 44 48 58 60	-516.026590
1 2 8 16 17 23 24 26 42 50 51 54	-515.982540
1 2 8 16 17 24 26 31 32 47 48 58	-516.120860
1 2 8 16 17 24 26 31 44 50 52 54	-516.015900
1 2 8 16 17 24 26 32 42 50 51 54	-515.992020
1 2 8 16 17 26 31 32 35 46 48 50	-516.074600
1 2 8 16 17 26 31 32 36 46 48 55	-515.963430
1 2 8 16 17 26 31 32 43 49 50 58	-516.038910
1 2 8 16 17 26 31 43 44 48 50 58	-516.017780
1 2 8 16 17 26 31 43 44 50 58 59	-516.053740
1 2 8 16 17 26 32 40 43 48 55 58	-516.095850
1 2 8 16 17 26 33 35 44 46 48 60	-516.013290
1 2 8 16 17 26 33 43 44 48 58 60	-516.041290
1 2 8 16 17 26 40 43 44 48 55 58	-516.050950
1 2 8 16 17 31 35 38 41 46 48 60	-515.992780
1 2 8 16 20 21 24 31 44 49 52 60	-515.994160
1 2 8 16 20 23 39 40 43 50 51 57	-516.021900
1 2 8 16 20 23 39 40 43 50 51 59	-516.039650
1 2 8 16 20 23 39 40 43 51 57 60	-516.059580
1 2 8 16 20 24 29 31 32 46 47 57	-515.980430
1 2 8 16 20 29 31 35 44 46 49 53	-515.822030
1 2 8 16 20 29 31 35 44 46 57 60	-516.031670
1 2 8 16 20 35 39 40 44 46 57 60	-516.081270
1 2 8 16 21 24 26 31 32 49 55 58	-516.063450
1 2 8 16 21 24 26 31 44 49 50 52	-515.967590
1 2 8 16 21 24 26 31 44 49 50 58	-516.002700
1 2 8 16 21 24 26 31 44 49 55 58	-516.074880
1 2 8 16 21 24 26 31 44 49 58 60	-516.058870
1 2 8 16 21 24 26 32 40 46 55 57	-515.927980
1 2 8 16 21 24 26 40 44 50 52 54	-515.899200
1 2 8 16 23 26 39 40 43 50 56 59	-516.009700
1 2 8 16 24 26 29 31 32 46 47 57	-515.972220
1 2 8 16 24 26 29 31 32 47 49 58	-516.007850
1 2 8 16 24 26 29 31 44 46 57 60	-516.105730
1 2 8 16 24 26 29 31 44 52 57 60	-516.120960
1 2 8 16 31 35 38 39 44 46 57 60	-516.113580
1 2 8 17 18 22 23 26 35 46 50 59	-516.051540
1 2 8 17 18 23 26 35 42 50 56 59	-516.073190
1 2 11 16 20 23 24 33 39 51 57 60	-516.075730
1 2 11 16 20 23 33 39 43 47 51 57	-516.027250
1 2 11 16 20 23 35 39 42 46 59 60	-516.026950
1 2 11 16 20 23 39 42 43 51 57 60	-516.014530
1 2 11 16 20 34 39 42 43 47 51 59	-515.987640
1 2 14 16 17 20 23 42 43 47 58 59	-515.906630
1 2 14 16 17 23 24 26 42 50 52 54	-516.031890
1 2 14 16 17 27 32 42 43 46 59 60	-516.027700
1 2 14 16 24 26 29 32 42 46 50 57	-515.943790
1 2 14 16 24 26 29 32 42 46 50 59	-515.965100
1 2 14 16 24 26 29 32 42 46 57 60	-515.930650
1 2 14 16 24 29 32 38 42 46 57 60	-515.968810
1 2 4 16 17 19 22 34 35 46 48 55	-515.920860
1 2 4 16 17 19 22 34 35 46 54 55	-515.985650
1 2 4 16 17 19 22 34 43 49 50 51	-515.947900
1 2 4 16 17 19 22 34 43 50 51 59	-515.981180
1 2 4 16 17 20 22 23 43 53 56 59	-515.930300
1 2 4 16 17 20 22 34 43 49 51 53	-515.949580
1 2 4 16 17 20 22 43 44 48 55 58	-515.983810
1 2 4 16 17 20 22 43 44 49 52 53	-515.975360
1 2 4 16 17 20 22 43 44 49 55 58	-516.020510
1 2 4 16 17 20 31 32 43 47 49 58	-516.067780
1 2 4 16 17 20 33 34 43 47 49 58	-516.016640
1 2 4 16 17 20 33 43 44 48 52 60	-516.057210
1 2 4 16 17 22 26 32 43 50 58 59	-516.139700
1 2 4 16 17 22 26 43 44 49 50 58	-516.128600
1 2 8 16 17 20 22 23 43 49 53 58	-516.042460
1 2 8 16 17 20 23 31 36 48 51 60	-515.884710
1 2 8 16 17 20 23 35 42 46 50 59	-516.028530
1 2 8 16 17 20 24 31 44 47 48 58	-516.164340
1 2 8 16 17 20 31 35 44 46 59 60	-516.075500
1 2 8 16 17 20 31 35 44 52 54 60	-516.011460
1 2 8 16 17 20 35 42 44 46 48 60	-515.947110
1 2 8 16 17 20 42 43 44 46 59 60	-515.921050
1 2 8 16 17 20 42 43 44 48 58 60	-515.953160
1 2 8 16 17 22 23 26 35 50 51 54	-516.073290
1 2 8 16 17 22 23 26 35 50 56 59	-516.018260
1 2 8 16 17 22 23 26 43 50 58 59	-516.102800
1 2 8 16 17 22 24 26 44 52 53 54	-516.053180
1 2 8 16 17 22 26 35 44 46 59 60	-516.113480
1 2 8 16 17 22 26 43 44 48 50 58	-516.076870
1 2 8 16 17 23 24 26 40 50 51 54	-516.051810
1 2 8 16 17 24 26 31 44 47 48 58	-516.185690
1 2 8 16 17 24 26 31 44 52 54 60	-516.100500
1 2 8 16 17 24 26 32 40 48 55 58	-516.120520
1 2 8 16 17 24 26 32 40 50 51 54	-516.042560
1 2 8 16 17 24 26 32 40 54 55 58	-516.108040
1 2 8 16 17 24 26 40 44 48 55 58	-516.126410
1 2 8 16 17 24 26 40 44 54 55 58	-516.119870
1 2 8 16 17 24 38 42 44 52 54 60	-516.111480
1 2 8 16 17 26 32 42 43 46 50 59	-515.950700
1 2 8 16 17 26 35 40 44 46 48 55	-516.015300
1 2 8 16 17 26 35 42 44 50 52 54	-515.974130
1 2 8 16 17 32 35 38 42 46 50 59	-516.148430
1 2 8 16 17 32 35 38 42 46 59 60	-516.135740
1 2 8 16 20 21 24 31 32 47 48 58	-516.053810
1 2 8 16 20 21 24 31 32 47 49 58	-516.039110
1 2 8 16 20 21 24 31 44 52 54 60	-515.911450
1 2 8 16 20 23 24 39 40 50 51 54	-516.046840
1 2 8 16 20 23 35 39 40 46 57 60	-516.050980
1 2 8 16 20 24 29 31 44 47 49 58	-516.076850
1 2 8 16 20 24 31 39 44 52 54 60	-516.076750
1 2 8 16 20 31 39 43 44 46 59 60	-516.015870
1 2 8 16 21 23 24 26 40 50 51 54	-516.076700
1 2 8 16 21 23 24 26 40 50 51 57	-516.069040
1 2 8 16 21 24 26 31 32 47 48 58	-516.071780
1 2 8 16 21 24 26 31 32 47 49 58	-516.056380
1 2 8 16 21 24 26 32 40 48 55 58	-516.066210
1 2 8 16 21 24 26 32 40 50 51 54	-516.018630
1 2 8 16 21 24 26 32 40 50 51 57	-516.032140
1 2 8 16 21 24 26 32 40 54 55 58	-516.041700
1 2 8 16 21 24 26 40 44 48 55 58	-516.069650
1 2 8 16 21 24 26 40 44 54 55 58	-516.056720
1 2 8 16 21 24 31 38 41 52 57 60	-516.022310
1 2 8 16 23 24 26 39 40 50 51 57	-516.145470
1 2 8 16 24 26 29 31 44 47 49 58	-516.055940
1 2 8 16 24 26 31 32 39 46 47 57	-516.053370
1 2 8 16 24 26 31 39 44 46 57 60	-516.139660
1 2 8 16 24 26 31 39 44 52 57 60	-516.178180
1 2 8 16 24 26 32 39 40 46 55 57	-516.040040
1 2 8 16 24 26 32 39 40 50 51 57	-516.116700
1 2 8 16 26 31 32 39 43 46 50 59	-515.941340
1 2 8 16 26 31 35 39 44 46 50 59	-515.980900
1 2 8 17 18 20 22 23 35 52 53 54	-516.090010
1 2 8 17 18 23 26 35 42 50 52 54	-515.944010
1 2 8 17 22 23 26 28 36 50 52 54	-515.999310
1 2 8 17 22 26 36 37 44 50 52 54	-516.047030
1 2 8 18 23 26 31 35 39 50 56 59	-515.883470
1 2 8 18 23 26 35 39 40 46 50 59	-515.973720
1 2 11 16 20 23 31 39 43 49 51 53	-515.899690
1 2 11 16 20 23 31 39 43 51 57 60	-515.967260
1 2 11 16 20 23 33 39 43 51 53 57	-515.963020
1 2 11 16 20 34 39 42 43 46 47 59	-515.934330
1 2 11 16 20 39 42 43 44 46 59 60	-515.875890
1 2 14 16 17 20 32 35 42 46 50 59	-516.092500
1 2 14 16 17 23 24 27 42 52 54 60	-516.073670
1 2 14 16 20 23 24 29 42 46 57 60	-515.983440
1 2 14 16 20 23 24 29 42 50 51 57	-515.976240
1 2 14 16 23 24 26 29 42 50 51 59	-515.944680
1 2 14 16 23 24 27 39 40 46 57 60	-515.975090
1 2 14 16 24 26 29 32 42 46 49 50	-515.977690
1 2 14 16 24 26 29 32 42 50 51 59	-515.944200
1 2 14 16 24 26 29 32 42 50 52 54	-515.947040
1 2 14 16 24 26 29 42 44 52 54 60	-515.976350
1 2 14 16 24 26 32 39 40 46 50 57	-515.990900
1 2 14 16 24 27 29 32 42 46 57 60	-515.976160
1 2 4 16 17 20 22 23 35 53 56 59	-515.961990
1 2 4 16 17 20 22 23 43 51 57 60	-515.886580
1 2 4 16 17 20 22 34 43 47 56 59	-516.031430
1 2 4 16 17 20 22 34 43 48 55 58	-516.003810
1 2 4 16 17 20 22 34 43 49 55 58	-516.059260
1 2 4 16 17 20 22 36 44 46 48 60	-515.918260
1 2 4 16 17 20 22 43 44 46 57 60	-515.903290
1 2 4 16 17 22 24 26 32 50 51 54	-516.116180
1 2 4 16 17 24 38 41 42 54 55 58	-515.952980
1 2 4 16 17 32 35 38 42 46 50 59	-516.131220
1 2 4 16 17 32 35 38 42 46 59 60	-516.112170
1 2 4 16 17 38 41 42 43 48 55 58	-515.931630
1 2 8 16 17 20 22 23 24 51 57 60	-515.773950
1 2 8 16 17 20 22 23 24 53 56 59	-515.833920
1 2 8 16 17 20 22 23 24 54 55 58	-515.871840
1 2 8 16 17 20 22 23 43 48 55 58	-515.903680
1 2 8 16 17 20 22 23 43 49 55 58	-515.946320
1 2 8 16 17 20 22 35 44 46 48 60	-515.959970
1 2 8 16 17 20 22 35 44 46 59 60	-516.102070
1 2 8 16 17 20 22 35 44 52 53 54	-516.009350
1 2 8 16 17 20 22 43 44 48 58 60	-515.970020
1 2 8 16 17 20 22 43 44 53 58 59	-516.030910
1 2 8 16 17 20 23 24 31 47 48 56	-515.929920
1 2 8 16 17 20 23 24 31 47 48 58	-516.085580
1 2 8 16 17 20 23 31 43 46 57 60	-516.034570
1 2 8 16 17 20 23 40 43 48 55 58	-515.822050
1 2 8 16 17 20 24 31 32 46 47 57	-516.009630
1 2 8 16 17 20 24 31 44 46 48 60	-516.037810
1 2 8 16 17 20 24 31 44 49 52 53	-516.096550
1 2 8 16 17 20 24 31 44 49 53 58	-516.107970
1 2 8 16 17 20 24 31 44 49 58 60	-516.103040
1 2 8 16 17 20 31 32 35 46 48 60	-516.023520
1 2 8 16 17 20 31 32 43 47 58 59	-516.085260
1 2 8 16 17 20 31 35 44 46 49 60	-516.035450
1 2 8 16 17 20 31 43 44 49 55 58	-516.118530
1 2 8 16 17 20 42 43 44 49 58 60	-515.938620
1 2 8 16 17 20 42 43 44 52 59 60	-515.904280
1 2 8 16 17 22 24 26 32 46 50 59	-515.962230
1 2 8 16 17 22 24 26 44 50 58 59	-515.985780
1 2 8 16 17 22 24 26 44 52 54 60	-516.103570
1 2 8 16 17 22 24 38 41 51 53 54	-515.900440
1 2 8 16 17 22 26 32 36 50 52 54	-516.029880
1 2 8 16 17 22 26 32 45 46 50 57	-515.849700
1 2 8 16 17 22 35 38 41 52 53 54	-515.920400
1 2 8 16 17 22 38 41 43 53 56 59	-515.828150
1 2 8 16 17 23 24 26 31 50 51 54	-515.976800
1 2 8 16 17 24 26 31 32 46 47 57	-516.017470
1 2 8 16 17 24 26 31 32 50 51 54	-515.977070
1 2 8 16 17 24 26 31 44 48 52 60	-516.090170
1 2 8 16 17 24 26 32 42 50 52 54	-515.974190
1 2 8 16 17 24 26 42 44 52 54 60	-516.025190
1 2 8 16 17 26 31 32 35 46 49 53	-515.922170
1 2 8 16 17 26 32 35 42 46 59 60	-516.091700
1 2 8 16 17 26 35 40 44 50 52 54	-515.964280
1 2 8 16 17 31 32 38 43 49 55 58	-516.134290
1 2 8 16 20 21 24 31 44 47 48 58	-516.138320
1 2 8 16 20 21 24 31 44 47 49 58	-516.132730
1 2 8 16 20 24 29 31 32 49 50 51	-516.089590
1 2 8 16 20 29 31 35 44 46 49 60	-515.867840
1 2 8 16 20 29 31 43 44 49 53 58	-516.009580
1 2 8 16 20 30 31 35 44 46 54 60	-515.788310
1 2 8 16 20 31 35 39 44 52 57 60	-516.114070
1 2 8 16 20 31 39 43 44 52 59 60	-515.961830
1 2 8 16 21 24 26 31 44 47 48 58	-516.136390
1 2 8 16 21 24 26 31 44 47 49 58	-516.113520
1 2 8 16 24 26 29 31 32 46 57 60	-515.945290
1 2 8 16 24 26 29 31 32 49 50 52	-515.931980
1 2 8 16 26 29 31 32 36 46 47 48	-516.094510
1 2 8 17 18 20 23 35 42 46 59 60	-516.007010
1 2 8 17 18 22 23 26 35 50 51 54	-516.039960
1 2 8 17 18 23 26 35 40 50 52 54	-515.922500
1 2 14 16 17 23 24 27 42 51 54 60	-515.988410
1 2 14 16 17 23 26 35 42 50 51 54	-515.977130
1 2 14 16 17 23 26 36 42 46 50 59	-515.969180
1 2 14 16 17 23 27 42 43 51 57 60	-515.968600
1 2 14 16 17 24 26 32 42 54 55 58	-516.015490
1 2 14 16 17 24 26 42 44 54 55 58	-516.006670
1 2 14 16 17 26 32 36 42 46 59 60	-515.996760
1 2 14 16 17 26 32 36 42 50 52 54	-516.023380
1 2 14 16 17 26 36 42 44 52 54 60	-516.007210
1 2 14 16 23 26 35 39 40 50 51 54	-516.022380
1 2 4 16 17 20 22 23 43 49 50 51	-515.969900
1 2 4 16 17 20 22 23 43 50 51 59	-515.987050
1 2 4 16 17 20 31 43 44 47 49 58	-516.007030
1 2 8 16 17 20 31 32 43 49 50 51	-515.989150
1 2 8 16 17 20 31 34 35 46 47 49	-516.060950
1 2 8 16 17 20 31 36 44 49 52 53	-516.043410
1 2 8 16 17 20 31 43 44 47 58 59	-516.159980
1 2 8 16 17 20 31 43 44 48 55 58	-516.111120
1 2 8 16 17 22 23 24 26 49 50 51	-515.992220
1 2 8 16 17 22 23 24 26 50 51 57	-515.960960
1 2 8 16 17 22 23 24 26 50 51 59	-515.986990
1 2 8 16 17 22 24 26 32 49 50 51	-516.027250
1 2 8 16 17 22 24 26 32 50 51 57	-515.978900
1 2 8 16 17 22 24 26 32 50 51 59	-516.019530
1 2 8 16 17 22 24 26 44 46 57 60	-515.896960
1 2 8 16 17 22 24 26 44 52 57 60	-515.899610
1 2 8 16 17 22 26 32 43 50 56 59	-516.010200
1 2 8 16 17 22 26 35 44 46 48 55	-515.956240
1 2 8 16 17 22 26 35 44 46 54 55	-515.971400
1 2 8 16 17 22 26 43 44 49 50 52	-515.953350
1 2 8 16 17 22 26 43 44 49 58 60	-516.045160
1 2 8 16 17 22 26 43 44 50 52 59	-515.928280
1 2 8 16 17 24 26 31 32 48 55 58	-515.996440
1 2 8 16 17 24 26 31 44 46 57 60	-516.138430
1 2 8 16 17 24 26 31 44 48 55 58	-516.060620
1 2 8 16 17 24 26 31 44 52 57 60	-516.178340
1 2 8 16 17 24 26 32 40 46 54 55	-515.918440
1 2 8 16 17 24 26 32 40 50 52 54	-515.983780
1 2 8 16 17 24 26 40 44 52 54 55	-516.018470
1 2 8 16 17 24 32 38 42 50 51 54	-515.944800
1 2 8 16 17 24 32 38 42 54 55 58	-515.996100
1 2 8 16 17 24 38 41 42 52 54 55	-515.875330
1 2 8 16 17 24 38 41 42 52 54 60	-515.900020
1 2 8 16 17 26 31 32 43 47 58 59	-516.103710
1 2 8 16 17 26 31 43 44 47 58 59	-516.151850
1 2 8 16 17 26 32 33 35 46 48 55	-515.976540
1 2 8 16 17 26 32 33 43 48 55 58	-515.969590
1 2 8 16 17 26 33 43 44 48 55 58	-515.955200
1 2 8 16 17 26 35 42 44 46 54 60	-515.977220
1 2 8 16 17 26 36 42 44 46 59 60	-515.952630
1 2 8 16 17 26 36 42 44 50 52 54	-515.956140
1 2 8 16 17 31 32 35 38 46 48 55	-515.997530
1 2 8 16 17 31 32 35 38 46 48 60	-516.031130
1 2 8 16 17 31 32 38 43 48 55 58	-516.089570
1 2 8 16 17 32 35 38 40 46 48 55	-516.010110
1 2 8 16 17 32 35 38 42 46 48 55	-515.975610
1 2 8 16 17 32 35 38 42 46 54 55	-515.978090
1 2 8 16 17 32 38 42 43 50 51 59	-515.953510
1 2 8 16 20 21 24 31 32 46 49 53	-515.801380
1 2 8 16 20 21 24 31 32 49 50 51	-516.046760
1 2 8 16 20 21 24 31 44 46 48 60	-515.947390
1 2 8 16 20 23 35 39 40 46 54 55	-515.905530
1 2 8 16 20 23 35 39 40 46 55 57	-515.931870
1 2 8 16 20 24 29 31 44 48 58 60	-516.037880
1 2 8 16 20 24 29 42 44 49 58 60	-516.025220
1 2 8 16 20 29 31 35 44 46 48 60	-515.958630
1 2 8 16 20 29 31 36 44 48 52 60	-515.997860
1 2 8 16 20 30 31 35 44 46 48 60	-515.866980
1 2 8 16 20 31 35 39 44 46 49 60	-515.946660
1 2 8 16 20 31 35 39 44 46 54 60	-515.961550
1 2 8 16 20 31 36 39 44 46 57 60	-516.005090
1 2 8 16 23 26 31 35 39 46 50 59	-515.970370
1 2 8 16 23 26 31 39 43 50 51 57	-515.991670
1 2 8 16 23 26 35 39 40 46 50 57	-516.040410
1 2 8 16 23 26 35 39 40 50 51 54	-516.030840
1 2 8 16 23 26 35 39 40 50 56 59	-515.973440
1 2 8 16 24 26 29 31 32 49 50 58	-515.946640
1 2 8 16 24 26 29 31 44 49 52 60	-516.031640
1 2 8 16 24 26 31 32 39 46 57 60	-515.978890
1 2 8 16 24 26 32 39 40 46 50 57	-515.986070
1 2 8 16 26 29 31 36 44 46 48 60	-515.990110
1 2 8 16 26 31 32 39 43 50 51 57	-515.972540
1 2 8 16 26 32 35 39 40 46 50 54	-516.024590
1 2 8 16 26 35 39 40 44 46 54 55	-516.003250
1 2 8 16 26 35 39 40 44 46 57 60	-516.051070
1 2 8 16 26 39 40 43 44 50 52 59	-515.896480
1 2 8 16 31 32 35 38 39 46 57 60	-515.974200
1 2 8 17 22 23 26 28 36 50 56 59	-515.896620
1 2 8 17 22 23 26 28 43 49 50 52	-515.899400
1 2 8 17 22 23 26 28 43 50 56 59	-515.953010
1 2 8 23 26 28 39 40 43 50 56 59	-515.966910
1 2 11 16 20 24 33 39 44 46 57 60	-516.085690
1 2 11 16 20 24 33 39 44 52 57 60	-516.097650
1 2 11 16 20 31 34 39 43 47 49 58	-516.091470
1 2 11 16 20 31 34 39 43 47 58 59	-516.081760
1 2 14 16 17 20 23 35 42 46 54 60	-515.869610
1 2 14 16 17 20 23 36 42 46 59 60	-515.840580
1 2 14 16 17 20 23 42 43 47 51 59	-515.845280
1 2 14 16 17 20 32 36 42 46 47 59	-515.890600
1 2 14 16 17 20 32 42 43 50 51 59	-515.936140
1 2 14 16 17 20 36 42 44 52 54 60	-515.928990
1 2 14 16 17 23 26 42 43 46 50 59	-515.955880
1 2 14 16 17 26 32 42 43 46 59 60	-515.969600
1 2 14 16 17 26 36 42 44 46 48 60	-515.898000
1 2 14 16 17 26 36 42 44 50 52 59	-515.901640
1 2 14 16 20 23 24 29 42 50 51 54	-515.881910
1 2 14 16 20 24 29 42 44 52 54 60	-515.906880
1 2 14 16 23 24 27 39 40 50 51 57	-516.017880
1 2 14 16 24 27 34 39 40 46 57 60	-515.968280
1 2 4 16 17 20 22 23 35 51 53 54	-515.870750
1 2 4 16 17 20 22 23 43 51 53 59	-515.898020
1 2 4 16 17 20 22 32 36 46 47 59	-515.936050
1 2 4 16 17 20 22 32 43 47 49 58	-515.998240
1 2 4 16 17 20 22 34 35 46 48 55	-515.836350
1 2 4 16 17 20 22 34 35 46 54 55	-515.863330
1 2 4 16 17 20 22 34 35 47 56 59	-516.038970
1 2 4 16 17 20 22 35 44 46 53 54	-515.886710
1 2 4 16 17 20 22 36 44 49 52 53	-515.957660
1 2 4 16 17 20 22 43 44 53 56 59	-515.953090
1 2 4 16 17 20 40 43 44 48 55 58	-515.896640
1 2 4 16 17 20 42 43 44 46 57 60	-515.940450
1 2 11 16 20 31 34 39 43 47 51 57	-515.948230
1 2 4 16 17 22 24 26 44 54 55 58	-516.016000
1 2 4 16 17 22 26 32 35 46 48 55	-516.028760
1 2 4 16 17 22 26 32 35 46 54 55	-516.024340
1 2 4 16 17 22 26 32 43 48 55 58	-516.060010
1 2 4 16 17 22 26 32 43 49 50 51	-516.093850
1 2 4 16 17 22 26 32 43 49 55 58	-516.093830
1 2 4 16 17 22 26 32 43 50 51 59	-516.083480
1 2 4 16 17 22 26 43 44 48 55 58	-516.051630
1 2 4 16 17 22 26 43 44 49 55 58	-516.074480
1 2 4 16 17 24 32 38 42 50 51 54	-515.922890
1 2 4 16 17 24 32 38 42 54 55 58	-515.960930
1 2 4 16 17 24 38 41 42 52 54 55	-515.889190
1 2 4 16 17 24 38 41 42 52 54 60	-515.899370
1 2 4 16 17 24 38 42 44 52 54 60	-516.060550
1 2 4 16 17 32 33 35 38 46 48 55	-515.973610
1 2 4 16 17 32 33 35 38 46 48 60	-515.954960
1 2 4 16 17 32 33 38 43 48 55 58	-516.001910
1 2 4 16 17 32 35 38 42 46 48 55	-515.933930
1 2 4 16 17 32 35 38 42 46 54 55	-515.944660
1 2 4 16 17 32 38 42 43 48 55 58	-515.975680
1 2 4 16 17 32 38 42 43 50 51 59	-515.976250
1 2 4 16 17 32 38 42 43 50 58 59	-516.058820
1 2 8 16 17 20 22 36 44 52 53 54	-515.910930
1 2 8 16 17 20 22 43 44 48 53 58	-515.953480
1 2 8 16 17 20 23 24 31 48 50 51	-515.945160
1 2 8 16 17 20 23 24 31 49 50 51	-516.048180
1 2 8 16 17 20 23 31 35 46 54 60	-515.936480
1 2 8 16 17 20 23 31 43 48 51 60	-515.912710
1 2 8 16 17 20 24 31 34 46 47 57	-516.107800
1 2 8 16 17 20 24 31 34 47 51 54	-515.957850
1 2 8 16 17 20 24 31 34 47 51 57	-516.115000
1 2 8 16 17 20 24 31 44 47 52 54	-516.083290
1 2 8 16 17 20 24 33 44 48 58 60	-515.898780
1 2 8 16 17 20 31 32 43 49 53 58	-516.012900
1 2 8 16 17 20 31 35 44 46 47 48	-516.082940
1 2 8 16 17 20 31 36 44 52 54 60	-516.023590
1 2 8 16 17 20 32 35 40 46 48 55	-515.905160
1 2 8 16 17 20 32 35 42 46 47 59	-516.046050
1 2 8 16 17 20 33 36 44 46 48 60	-515.898710
1 2 8 16 17 22 24 38 41 52 54 55	-515.917870
1 2 8 16 17 22 24 38 41 53 54 56	-515.886330
1 2 8 16 17 22 24 38 41 54 55 56	-515.858350
1 2 8 16 17 24 26 31 44 47 52 54	-516.075980
1 2 8 16 20 21 24 31 44 49 55 58	-516.070570
1 2 8 16 20 21 31 35 44 46 48 60	-515.926850
1 2 8 16 20 31 39 43 44 49 55 58	-516.085780
1 2 8 16 21 24 26 31 32 48 55 58	-515.998380
1 2 8 16 21 24 26 31 32 49 50 52	-515.852510
1 2 8 16 21 24 26 31 32 49 50 58	-515.920090
1 2 8 16 21 24 26 31 44 48 52 60	-515.970170
1 2 8 16 21 24 26 31 44 48 55 58	-516.034080
1 2 8 16 21 24 26 31 44 49 52 60	-515.957250
1 2 8 16 21 24 26 32 40 46 50 57	-515.877580
1 2 8 16 21 24 26 32 40 46 54 55	-515.883550
1 2 8 16 21 24 26 32 40 50 52 54	-515.821300
1 2 8 16 21 24 26 40 44 52 54 55	-515.873200
1 2 8 16 27 35 39 40 44 46 57 60	-516.087470
1 2 11 16 20 23 24 29 42 49 50 51	-516.143930
1 2 11 16 20 32 33 35 39 46 47 57	-516.014830
1 2 11 16 20 32 35 39 42 46 47 59	-516.027600
1 2 11 16 20 32 39 42 43 47 58 59	-516.015390
1 2 11 16 20 35 39 42 44 46 57 60	-516.011830
1 2 14 16 17 23 24 27 42 46 59 60	-516.061460
1 2 14 16 17 23 26 36 42 50 56 59	-515.979170
1 2 14 16 17 24 26 42 44 46 59 60	-516.038300
1 2 14 16 23 24 26 29 31 49 50 52	-515.979990
1 2 14 16 23 24 26 29 42 49 50 52	-516.003690
1 2 14 16 23 24 27 29 40 52 57 60	-515.982150
1 2 14 16 23 24 27 29 42 52 57 60	-516.002190
1 2 4 16 17 19 22 24 34 48 55 58	-515.960830
1 2 4 16 17 20 22 23 24 46 57 60	-515.791240
1 2 4 16 17 20 22 32 43 49 53 58	-516.022190
1 2 4 16 17 20 22 34 35 46 47 49	-515.963180
1 2 4 16 17 20 22 35 44 52 54 60	-516.009030
1 2 4 16 17 20 31 32 45 46 47 57	-515.945930
1 2 4 16 17 20 31 34 35 46 47 49	-516.010010
1 2 4 16 17 22 24 27 44 52 53 54	-516.095640
1 2 4 16 17 22 24 38 41 52 53 54	-515.861870
1 2 4 16 17 22 27 43 44 49 53 58	-516.135980
1 2 8 16 17 20 22 23 24 49 51 53	-515.921450
1 2 8 16 17 20 22 23 24 50 51 54	-515.934170
1 2 8 16 17 20 22 23 24 52 53 54	-515.956800
1 2 8 16 17 20 22 23 35 46 49 53	-515.938770
1 2 8 16 17 20 22 23 35 46 57 60	-515.923890
1 2 8 16 17 20 22 23 43 53 56 59	-515.893410
1 2 8 16 17 20 22 24 44 46 57 60	-515.841400
1 2 8 16 17 20 22 24 44 52 54 60	-516.033100
1 2 8 16 17 20 22 24 44 52 57 60	-515.856060
1 2 8 16 17 20 22 43 44 49 58 60	-516.043280
1 2 8 16 17 20 23 24 31 48 55 58	-516.071920
1 2 8 16 17 20 23 24 40 54 55 58	-515.873650
1 2 8 16 17 20 23 31 35 46 48 55	-515.929670
1 2 8 16 17 20 23 42 43 51 59 60	-515.888060
1 2 8 16 17 20 24 31 44 54 58 60	-516.033130
1 2 8 16 17 20 31 32 35 46 47 49	-516.066170
1 2 8 16 17 20 31 35 44 48 52 60	-515.955950
1 2 8 16 17 20 31 43 44 48 52 60	-515.974180
1 2 8 16 17 20 32 35 42 46 50 59	-516.041520
1 2 8 16 17 20 33 34 35 46 47 48	-515.927110
1 2 8 16 17 20 33 34 43 47 48 58	-515.955660
1 2 8 16 17 20 35 42 44 52 54 60	-515.932630
1 2 8 16 17 22 23 26 36 48 50 51	-515.686150
1 2 8 16 17 22 23 26 36 50 56 59	-515.874920
1 2 8 16 17 22 26 32 35 46 50 57	-516.053040
1 2 8 16 17 22 26 32 35 46 57 60	-515.884910
1 2 8 16 17 22 26 32 36 46 48 50	-515.858980
1 2 8 16 17 22 26 32 36 48 50 51	-515.727810
1 2 8 16 17 22 26 32 45 46 55 57	-515.733720
1 2 8 16 17 22 26 35 44 46 54 60	-516.017270
1 2 8 16 17 22 36 38 41 48 53 56	-515.651920
1 2 8 16 17 22 36 38 41 52 53 54	-515.789640
1 2 8 16 17 23 24 26 42 50 56 59	-515.859930
1 2 8 16 17 23 26 31 36 48 50 51	-515.875610
1 2 8 16 17 23 26 33 43 48 50 51	-515.711650
1 2 8 16 17 23 26 42 43 50 58 59	-516.126320
1 2 8 16 17 24 31 38 41 48 55 58	-516.103080
1 2 8 16 17 24 33 38 41 48 55 58	-515.854460
1 2 8 16 17 26 31 32 35 46 47 49	-516.076950
1 2 8 16 17 26 31 32 35 46 49 50	-515.969660
1 2 8 16 17 26 31 32 35 46 50 59	-516.053550
1 2 8 16 17 26 31 32 35 46 57 60	-516.046820
1 2 8 16 17 26 31 32 36 46 48 50	-516.014370
1 2 8 16 17 26 31 32 36 48 50 51	-515.886130
1 2 8 16 17 26 31 35 44 46 47 48	-516.121800
1 2 8 16 17 26 31 35 44 46 54 60	-516.011340
1 2 8 16 17 26 32 33 43 48 50 51	-515.718210
1 2 8 16 17 26 33 35 44 46 48 50	-515.843730
1 2 8 16 17 31 36 38 41 46 48 60	-515.959370
1 2 8 16 17 31 36 38 44 46 48 60	-516.103170
1 2 8 16 17 31 38 41 43 48 58 60	-515.949280
1 2 8 16 17 35 38 40 41 48 55 56	-515.814600
1 2 8 16 17 35 38 41 42 46 59 60	-516.061050
1 2 8 16 17 35 38 42 44 46 54 60	-516.084530
1 2 8 16 20 21 24 31 41 49 53 56	-515.744580
1 2 8 16 20 23 24 29 42 49 50 51	-516.030200
1 2 8 16 20 24 29 31 32 46 49 53	-515.788580
1 2 8 16 23 24 26 29 42 49 50 51	-516.048880
1 2 8 16 23 26 31 39 43 50 56 59	-515.918910
1 2 8 16 24 26 29 32 42 49 50 51	-516.045000
1 2 8 16 24 29 31 38 41 52 57 60	-515.948600
1 2 8 16 26 29 31 32 35 46 47 49	-515.829040
1 2 8 16 26 29 31 32 35 46 49 50	-515.810240
1 2 8 17 18 20 23 35 42 50 56 59	-515.979840
1 2 8 17 18 23 26 35 42 46 50 59	-516.030140
1 2 11 16 20 23 39 42 43 49 50 51	-515.984720
1 2 11 16 20 23 39 42 43 51 59 60	-515.965950
1 2 11 16 20 24 33 34 39 46 47 57	-515.954110
1 2 11 16 20 24 33 34 39 47 51 57	-515.960720
1 2 11 16 20 31 34 35 39 46 47 57	-515.990900
1 2 11 16 20 31 34 35 39 46 47 59	-515.978020
1 2 11 16 20 39 42 43 44 47 58 59	-515.932690
1 2 11 16 20 31 35 39 44 46 57 60	-515.981110
1 2 11 16 20 31 39 43 44 49 53 58	-515.877320
1 2 14 16 17 20 23 35 42 46 47 59	-515.964620
1 2 14 16 17 20 23 24 42 50 51 59	-515.886240
1 2 14 16 17 20 23 35 42 46 48 60	-515.881870
1 2 14 16 17 20 23 42 43 46 59 60	-515.826690
1 2 14 16 17 20 24 34 42 46 47 59	-515.882760
1 2 14 16 17 20 24 42 44 46 59 60	-515.961890
1 2 14 16 17 20 32 42 43 46 47 59	-515.844410
1 2 14 16 17 20 35 42 44 46 57 60	-516.027050
1 2 14 16 17 20 36 42 44 46 48 60	-515.857540
1 2 14 16 17 23 27 42 45 51 57 60	-515.954190
1 2 4 16 17 19 22 34 36 46 47 59	-515.902470
1 2 4 16 17 19 22 34 36 46 48 55	-515.757430
1 2 4 16 17 19 22 34 43 47 51 59	-515.952410
1 2 4 16 17 19 22 34 43 49 51 53	-515.834120
1 2 4 16 17 20 22 23 35 46 48 55	-515.805520
1 2 4 16 17 20 22 23 35 46 48 60	-515.929030
1 2 4 16 17 20 22 23 35 46 53 54	-515.909740
1 2 4 16 17 20 22 23 35 46 54 55	-515.817620
1 2 4 16 17 20 22 23 36 53 56 59	-515.877970
1 2 4 16 17 20 22 23 43 47 58 59	-515.957890
1 2 4 16 17 20 22 32 35 46 48 55	-515.957810
1 2 4 16 17 20 22 32 35 46 53 54	-515.900080
1 2 4 16 17 20 22 32 35 46 54 55	-515.953060
1 2 4 16 17 20 22 32 43 46 47 59	-515.927390
1 2 4 16 17 20 22 32 43 48 55 58	-515.974540
1 2 4 16 17 20 22 32 43 49 55 58	-516.035460
1 2 4 16 17 20 22 35 44 46 53 59	-516.012410
1 2 4 16 17 20 22 35 44 53 56 59	-516.038270
1 2 4 16 17 20 22 41 43 47 56 59	-515.914060
1 2 4 16 17 20 22 41 43 53 56 59	-515.925650
1 2 4 16 17 20 22 43 44 47 49 58	-515.956290
1 2 4 16 17 22 24 26 32 50 52 54	-516.080970
1 2 4 16 17 22 26 35 44 46 50 59	-516.140270
1 2 4 16 17 22 26 35 44 50 52 54	-516.091050
1 2 4 16 17 24 34 38 42 54 55 58	-516.073680
1 2 4 16 17 26 42 43 44 50 58 59	-516.145760
1 2 4 16 17 33 34 38 43 48 55 58	-516.061250
1 2 4 16 17 33 35 38 41 48 53 56	-515.739880
1 2 4 16 17 33 35 38 41 48 55 56	-515.764980
1 2 4 16 17 35 38 42 44 46 54 60	-516.021150
1 2 8 16 17 20 22 34 35 46 47 59	-516.093190
1 2 8 16 17 20 22 34 43 47 58 59	-516.079890
1 2 8 16 17 20 31 34 36 47 48 51	-516.010910
1 2 8 16 17 20 31 34 36 47 48 56	-516.031680
1 2 8 16 17 20 31 34 36 47 48 58	-516.095460
1 2 8 16 17 20 32 42 43 47 58 59	-515.966550
1 2 8 16 17 20 42 43 44 47 58 59	-515.953040
1 2 8 16 17 22 24 26 32 49 55 58	-515.975850
1 2 8 16 17 22 24 26 44 49 50 52	-515.952410
1 2 8 16 17 22 24 26 44 49 50 58	-515.955010
1 2 8 16 17 22 24 26 44 49 55 58	-515.986670
1 2 8 16 17 22 24 32 38 54 55 58	-515.943360
1 2 8 16 17 22 26 35 44 52 53 54	-516.008480
1 2 8 16 17 22 26 35 44 52 54 55	-515.996910
1 2 8 16 17 22 26 36 44 46 50 59	-515.915810
1 2 8 16 17 22 26 43 44 46 50 59	-515.936870
1 2 8 16 17 22 26 43 44 53 58 59	-515.986590
1 2 14 16 17 23 26 42 43 49 50 51	-515.926200
1 2 8 16 17 22 32 35 38 46 54 55	-515.992410
1 2 8 16 17 22 32 38 43 48 55 58	-515.992330
1 2 8 16 17 22 32 38 43 49 55 58	-516.033930
1 2 8 16 17 23 24 38 42 50 51 54	-515.938670
1 2 8 16 17 26 35 42 44 46 48 60	-515.970770
1 2 8 16 17 26 36 40 44 50 52 54	-516.001750
1 2 8 16 17 26 42 43 44 46 59 60	-515.933450
1 2 8 16 17 26 42 43 44 48 58 60	-515.977850
1 2 8 16 17 35 38 42 44 46 48 60	-516.033770
1 2 8 16 17 38 42 43 44 48 58 60	-515.963020
1 2 8 16 20 21 24 31 32 46 57 60	-515.969100
1 2 8 16 20 21 24 31 34 47 52 54	-515.713290
1 2 8 16 20 21 24 31 44 46 49 53	-515.957230
1 2 8 16 20 21 24 31 44 49 53 56	-515.952420
1 2 8 16 20 30 31 35 44 46 57 60	-515.951490
1 2 8 16 23 26 31 39 43 51 57 60	-516.035340
1 2 8 16 26 35 39 40 44 52 54 55	-516.031510
1 2 8 16 26 39 40 43 44 46 50 59	-515.941270
1 2 8 16 32 35 38 39 40 46 54 55	-516.006230
1 2 8 16 32 35 38 39 40 46 55 57	-516.019490
1 2 8 17 26 28 31 32 36 46 47 48	-516.057280
1 2 8 18 23 26 35 39 40 50 51 54	-515.962520
1 2 11 16 19 33 34 35 39 46 47 57	-516.013570
1 2 11 16 19 33 34 39 43 47 51 57	-515.988580
1 2 11 16 20 23 33 39 43 50 51 57	-516.052080
1 2 14 16 23 27 35 39 40 51 57 60	-515.995660
1 2 4 16 17 20 22 43 44 50 58 59	-515.956640
1 2 4 16 17 20 31 35 41 47 48 56	-515.826830
1 2 4 16 17 20 33 34 35 46 47 54	-515.862950
1 2 4 16 17 20 33 34 43 47 48 56	-515.925160
1 2 4 16 17 20 33 34 43 47 51 57	-515.901340
1 2 4 16 17 20 33 34 43 48 50 51	-515.816130
1 2 4 16 17 20 33 34 43 49 51 53	-515.904860
1 2 4 16 17 20 33 43 44 46 57 60	-516.042460
1 2 4 16 17 20 33 43 44 49 52 53	-515.927080
1 2 4 16 17 20 33 44 45 46 57 60	-515.973280
1 2 4 16 17 22 23 24 26 50 51 54	-516.081090
1 2 4 16 17 22 26 32 36 46 48 55	-515.846560
1 2 4 16 17 22 26 32 36 46 50 59	-515.980230
1 2 4 16 17 24 33 38 41 48 55 58	-515.900800
1 2 4 16 17 26 33 35 44 46 48 60	-515.998320
1 2 14 16 17 24 32 38 42 46 54 55	-515.896030
1 2 4 16 17 33 34 35 38 46 48 55	-515.934380
1 2 4 16 17 33 38 41 43 48 58 60	-515.890100
1 2 4 16 17 34 35 38 42 46 59 60	-516.071270
1 2 4 16 17 34 38 42 43 48 55 58	-516.068410
1 2 4 16 17 35 38 41 42 46 59 60	-516.022600
1 2 4 16 17 38 42 43 44 50 58 59	-516.043050
1 2 8 16 17 20 22 23 35 51 53 54	-515.863460
1 2 8 16 17 20 22 23 35 53 56 59	-515.957500
1 2 8 16 17 20 22 23 43 49 50 51	-515.918910
1 2 8 16 17 20 22 23 43 50 51 59	-515.942310
1 2 8 16 17 20 22 23 43 51 53 59	-515.865980
1 2 8 16 17 20 22 23 43 51 57 60	-515.813260
1 2 8 16 17 20 22 35 44 46 49 53	-515.910840
1 2 8 16 17 20 22 43 44 49 52 53	-515.909540
1 2 8 16 17 20 23 24 31 48 51 60	-515.919390
1 2 8 16 17 20 23 24 31 48 58 60	-516.004760
1 2 8 16 17 20 23 24 42 50 51 59	-515.898830
1 2 8 16 17 20 23 31 36 48 52 60	-515.993650
1 2 8 16 17 20 23 35 42 46 54 60	-515.876400
1 2 8 16 17 20 23 36 42 46 59 60	-515.837250
1 2 8 16 17 20 23 42 43 50 58 59	-515.987250
1 2 8 16 17 20 24 31 34 47 54 58	-516.040340
1 2 8 16 17 20 24 42 44 54 58 60	-515.923520
1 2 8 16 17 20 31 32 36 46 48 60	-516.009540
1 2 8 16 17 20 31 32 43 46 47 57	-515.957740
1 2 8 16 17 20 31 34 35 47 52 54	-515.821310
1 2 8 16 17 20 31 35 44 48 58 60	-515.985180
1 2 8 16 17 20 31 36 44 47 48 56	-516.044500
1 2 8 16 17 20 31 43 44 46 48 60	-515.966530
1 2 8 16 17 20 32 42 43 50 51 59	-515.897530
1 2 8 16 17 20 33 43 44 48 53 58	-515.912510
1 2 8 16 17 20 36 42 44 52 54 60	-515.892770
1 2 8 16 17 22 26 32 35 50 52 54	-516.065000
1 2 8 16 17 23 26 31 35 46 48 60	-515.937140
1 2 8 16 17 23 26 31 43 48 50 51	-515.847660
1 2 8 16 17 24 26 42 44 50 58 59	-515.998550
1 2 8 16 17 26 31 32 43 48 50 51	-515.845280
1 2 8 16 17 26 31 32 43 48 58 60	-516.014710
1 2 8 16 17 26 31 36 44 47 48 56	-516.077960
1 2 8 16 17 26 31 36 44 48 58 60	-516.066010
1 2 8 16 17 26 31 43 44 49 50 52	-515.920360
1 2 4 16 17 20 31 34 35 47 48 56	-515.911990
1 2 8 16 17 26 32 35 42 46 47 59	-516.106560
1 2 8 16 17 26 32 40 45 46 55 57	-515.952460
1 2 8 16 17 31 32 36 38 46 48 60	-516.019260
1 2 8 16 17 35 38 40 41 46 48 55	-515.865510
1 2 8 16 20 21 23 24 40 48 55 58	-515.868610
1 2 8 16 20 21 23 24 40 54 55 58	-515.900840
1 2 8 16 20 21 31 36 44 46 48 60	-515.935590
1 2 8 16 20 35 39 40 44 46 59 60	-516.003250
1 2 8 16 20 35 39 42 44 46 59 60	-515.955120
1 2 8 16 21 24 26 31 44 50 52 54	-515.871880
1 2 8 16 21 24 31 32 38 46 57 60	-516.000460
1 2 8 16 23 26 31 35 39 46 57 60	-515.991600
1 2 8 16 26 31 32 35 39 46 49 50	-515.873360
1 2 8 16 26 31 32 39 43 49 50 52	-515.899650
1 2 8 16 26 32 36 39 40 46 50 59	-515.971060
1 2 8 17 18 20 23 35 42 50 52 54	-515.842560
1 2 8 17 18 20 23 35 42 52 54 60	-515.891960
1 2 8 17 18 22 23 24 26 50 52 54	-516.020160
1 2 8 17 23 26 28 31 43 49 50 52	-515.828470
1 2 8 17 26 31 37 43 44 48 58 60	-516.022780
1 2 8 23 26 28 31 39 43 50 56 59	-515.844060
1 2 8 26 28 31 32 39 43 49 50 52	-515.863410
1 6 15 19 22 25 30 34 45 47 51 57	-515.876770
1 2 14 16 17 20 23 24 42 47 56 59	-515.793290
1 2 14 16 17 20 23 24 42 50 56 59	-515.806280
1 2 14 16 17 23 24 27 42 46 54 60	-515.956610
1 2 14 16 17 23 24 27 42 46 57 60	-515.963770
1 2 14 16 17 23 26 36 42 50 51 59	-515.858530
1 2 8 16 17 20 31 35 44 52 53 54	-515.933720
1 2 14 16 17 24 26 42 44 46 54 60	-515.960160
1 2 8 16 17 20 31 41 43 47 48 56	-515.795020
1 2 14 16 17 24 32 38 42 50 52 54	-515.975170
1 2 14 16 17 26 32 35 42 50 51 54	-515.995210
1 2 14 16 17 26 32 36 42 50 51 59	-515.900880
1 2 14 16 17 26 32 42 43 49 50 51	-515.952450
1 2 14 16 17 32 36 38 42 46 50 59	-515.976130
1 2 14 16 17 32 36 38 42 46 59 60	-515.984710
1 2 14 16 19 24 29 34 40 50 51 57	-516.011980
1 2 14 16 19 34 39 40 43 50 51 57	-515.942210
1 2 14 16 19 34 39 40 43 50 51 59	-515.924840
1 2 14 16 20 24 29 32 42 49 50 51	-516.091340
1 2 14 16 23 24 26 29 40 46 50 57	-515.962670
1 2 14 16 23 26 39 42 43 50 51 57	-515.940890
1 2 14 16 24 27 29 42 44 46 54 60	-516.078600
1 2 4 16 17 20 31 35 44 46 54 60	-515.939010
1 2 8 16 17 22 26 32 35 46 49 53	-515.865840
1 2 4 16 17 22 23 26 43 49 50 51	-516.043880
1 2 4 16 17 22 23 26 43 50 51 59	-516.050590
1 2 4 16 17 33 35 38 41 46 48 55	-515.905140
1 2 4 16 17 34 35 38 42 46 54 55	-515.967470
1 2 4 16 17 35 38 42 44 46 48 60	-515.970350
1 2 4 16 17 38 42 43 44 48 58 60	-515.926170
1 2 8 16 17 20 23 24 31 52 57 60	-516.071690
1 2 8 16 17 20 24 31 44 46 54 60	-515.948080
1 2 8 16 17 22 23 24 26 54 55 58	-515.942980
1 2 8 16 17 22 23 26 43 48 50 51	-515.913660
1 2 8 16 17 22 23 26 43 48 55 58	-515.956240
1 2 8 16 17 22 23 26 43 49 55 58	-515.972860
1 2 8 16 17 22 23 26 43 50 51 57	-515.954630
1 2 8 16 17 22 23 26 45 50 51 57	-515.764730
1 2 8 16 17 22 24 26 41 54 55 58	-515.937200
1 2 8 16 17 22 26 32 35 46 47 59	-516.123750
1 2 4 16 17 20 33 34 45 47 51 57	-515.836900
1 2 4 16 17 22 24 26 32 54 55 58	-515.989390
1 2 4 16 17 26 33 43 44 48 58 60	-516.056000
1 2 4 16 17 33 34 35 38 46 48 60	-515.912390
1 2 4 16 17 36 38 42 44 46 59 60	-516.028480
1 2 8 16 17 22 26 32 35 46 49 55	-515.957100
1 2 8 16 17 22 26 32 43 50 51 57	-515.966590
1 2 8 16 17 22 26 32 45 46 57 60	-515.767930
1 2 8 16 17 22 26 32 45 50 51 57	-515.785320
1 2 8 16 17 22 26 41 43 48 55 58	-515.942560
1 2 8 16 17 22 26 41 43 49 55 58	-515.952190
1 2 8 16 17 22 26 32 35 46 55 57	-515.952550
1 2 8 16 17 23 24 26 33 48 50 51	-515.718530
1 2 8 16 17 23 26 33 36 48 50 51	-515.632420
1 2 8 16 17 24 26 32 33 48 50 51	-515.744380
1 2 8 16 17 24 33 38 41 48 55 56	-515.642390
1 2 8 16 17 24 38 40 41 48 55 56	-515.724710
1 2 8 16 17 26 31 32 43 46 47 57	-515.959270
1 2 8 16 17 26 31 43 44 46 57 60	-516.041360
1 2 8 16 17 26 32 35 40 46 48 50	-515.986950
1 2 8 16 17 26 32 42 43 47 58 59	-516.025140
1 2 8 16 17 26 42 43 44 47 58 59	-516.000650
1 2 8 16 20 21 24 31 44 47 56 59	-515.925830
1 2 8 16 20 23 24 39 40 51 57 60	-515.970780
1 2 8 16 20 23 24 39 40 54 55 58	-515.928710
1 2 8 16 20 24 29 31 41 49 53 56	-515.750320
1 2 8 16 17 22 26 32 35 50 51 54	-516.087780
1 2 8 16 20 24 29 31 44 49 53 56	-515.997270
1 2 8 16 20 32 35 39 40 46 54 55	-515.907900
1 2 8 16 20 32 35 39 40 46 55 57	-515.935590
1 2 8 16 23 24 26 39 40 50 56 59	-515.985280
1 2 8 16 24 26 31 39 44 50 52 54	-515.986400
1 2 8 16 24 31 38 39 41 52 57 60	-515.987910
1 2 8 16 26 30 31 32 35 46 47 54	-515.751830
1 2 8 16 26 31 32 35 39 46 47 49	-516.006160
1 2 8 16 26 31 32 35 39 46 47 54	-515.993740
1 2 8 16 26 31 32 39 43 47 51 57	-515.988410
1 2 8 16 26 31 32 39 43 51 57 60	-516.014450
1 2 8 16 26 32 35 39 40 50 51 54	-515.999030
1 2 8 16 26 32 35 39 40 50 52 54	-515.994960
1 2 8 16 26 35 39 40 44 46 50 57	-515.979140
1 2 8 16 26 35 39 40 44 46 55 57	-516.003110
1 2 8 17 22 23 24 26 28 50 52 54	-515.997520
1 2 8 16 17 22 26 32 43 47 58 59	-516.008120
1 6 15 19 22 23 28 39 43 47 56 59	-515.878440
1 6 15 19 22 23 30 37 45 47 56 59	-515.911020
1 2 11 16 19 34 35 39 40 46 54 55	-515.949650
1 2 11 16 19 34 35 39 40 46 55 57	-515.983150
1 2 11 16 19 34 39 40 43 50 51 57	-515.958250
1 2 11 16 19 34 39 40 43 50 51 59	-515.938820
1 2 11 16 23 26 33 39 43 50 51 57	-515.858960
1 2 11 16 26 32 33 39 43 50 51 57	-515.840440
1 2 11 16 26 33 35 39 44 46 57 60	-515.972700
1 2 11 16 27 33 35 39 44 46 57 60	-516.049900
1 2 11 16 33 35 38 39 44 46 57 60	-516.048000
1 2 11 16 35 38 39 42 44 46 59 60	-516.043480
1 2 4 16 17 19 22 34 43 46 47 59	-515.934130
1 2 4 16 17 19 33 34 35 46 47 48	-515.886340
1 2 4 16 17 19 33 34 43 47 48 58	-515.922110
1 2 4 16 17 20 22 23 35 46 53 59	-515.982830
1 2 4 16 17 20 22 23 35 46 59 60	-516.001510
1 2 4 16 17 20 22 23 43 47 51 59	-515.869960
1 2 4 16 17 20 22 23 43 47 56 59	-515.893850
1 2 4 16 17 20 22 23 43 49 53 56	-515.906440
1 2 4 16 17 20 22 32 35 46 53 59	-515.982550
1 2 4 16 17 20 33 34 43 46 47 57	-515.868860
1 2 4 16 17 22 38 41 43 49 51 53	-515.821650
1 2 4 16 17 22 38 41 43 49 53 58	-515.937180
1 2 4 16 17 24 33 38 41 48 53 56	-515.669970
1 2 4 16 17 24 33 38 41 48 55 56	-515.712990
1 2 4 16 17 24 34 38 42 50 51 54	-515.957400
1 2 8 16 17 22 26 32 35 50 56 59	-516.033840
1 2 4 16 17 34 35 38 42 46 48 55	-515.953090
1 2 8 16 17 20 22 24 44 54 55 58	-515.899160
1 2 8 16 17 20 22 32 35 46 47 59	-516.110710
1 2 8 16 17 20 22 32 43 47 58 59	-515.983420
1 2 8 16 17 20 22 43 44 48 55 58	-515.914490
1 2 8 16 17 20 22 43 44 49 55 58	-515.953730
1 2 8 16 17 20 31 34 35 47 48 56	-515.935390
1 2 8 16 17 20 31 34 43 47 48 51	-515.914740
1 2 8 16 17 20 31 34 43 47 51 57	-516.002130
1 2 8 16 17 20 31 35 44 47 48 56	-515.978250
1 2 8 16 17 22 26 32 43 48 50 51	-515.937710
1 2 8 16 17 22 23 26 36 46 50 59	-515.863500
1 2 8 16 17 22 26 36 44 46 48 60	-515.801590
1 2 8 16 17 22 26 36 44 49 50 52	-515.863510
1 2 8 16 17 22 26 36 44 52 54 55	-515.902360
1 2 8 16 17 22 26 43 44 47 58 59	-515.965840
1 2 8 16 17 23 26 42 43 50 56 59	-515.947210
1 2 8 16 17 24 31 38 44 48 58 60	-516.107260
1 2 8 16 17 22 32 35 38 46 48 55	-515.980350
1 2 8 16 17 24 38 42 44 54 55 58	-516.026720
1 2 8 16 17 26 31 32 43 49 53 58	-516.003970
1 2 8 16 17 26 31 32 43 50 58 59	-515.998380
1 2 8 16 17 26 31 35 44 46 48 50	-515.941880
1 2 8 16 17 26 31 35 44 47 48 56	-516.014540
1 2 8 16 17 26 31 35 44 50 52 54	-515.946570
1 2 8 16 17 31 32 36 38 46 48 55	-515.951190
1 2 8 16 17 32 36 38 42 46 48 55	-515.848260
1 2 8 16 17 34 35 38 42 46 54 55	-515.943050
1 2 8 16 17 36 38 42 44 46 59 60	-516.025620
1 2 8 16 20 21 23 24 40 51 57 60	-515.924700
1 2 8 16 20 21 24 31 44 52 53 54	-515.858700
1 2 8 16 20 21 31 43 44 48 58 60	-515.998560
1 2 8 16 20 23 24 39 40 51 53 54	-516.013740
1 2 8 16 20 23 39 40 43 51 53 57	-515.934990
1 2 8 16 20 24 31 39 44 52 53 54	-516.040230
1 2 8 16 20 29 31 36 44 49 52 53	-516.004750
1 2 8 16 20 31 35 39 44 52 54 60	-515.940330
1 2 8 16 20 34 35 39 40 46 47 59	-515.975960
1 2 8 16 22 23 24 26 29 49 50 51	-516.038680
1 2 8 16 22 24 26 29 32 49 50 51	-516.043370
1 2 8 16 22 24 26 29 32 49 55 58	-515.963510
1 2 8 16 22 24 26 29 44 49 50 52	-515.917540
1 2 8 16 22 24 26 29 44 49 55 58	-515.994770
1 2 8 16 23 26 31 39 43 47 51 57	-516.023970
1 2 8 16 23 27 39 40 43 51 57 60	-516.002220
1 2 8 16 24 26 29 42 44 49 50 52	-515.961710
1 2 8 16 26 29 31 35 44 46 57 60	-515.976080
1 2 8 16 26 29 31 43 44 49 50 58	-515.901970
1 2 8 16 17 24 34 38 42 54 55 58	-516.042510
1 2 8 17 18 23 26 31 35 50 52 54	-515.834010
1 2 11 16 20 23 24 29 42 51 57 60	-515.990870
1 2 11 16 23 27 33 39 43 51 57 60	-515.978990
1 2 11 16 27 33 34 35 39 46 47 57	-515.978760
1 2 11 16 27 33 34 39 43 47 51 57	-515.936640
1 2 14 16 17 20 23 24 42 51 57 60	-515.794490
1 2 14 16 17 20 23 35 42 50 51 54	-515.800300
1 2 14 16 17 20 23 42 43 47 56 59	-515.831390
1 2 14 16 17 20 23 42 43 50 56 59	-515.847500
1 2 14 16 17 24 26 42 44 50 52 59	-515.974120
1 2 14 16 17 24 27 34 42 46 57 60	-515.964560
1 2 14 16 17 24 27 34 42 52 54 60	-516.077700
1 2 14 16 17 32 38 42 43 46 50 59	-515.920140
1 2 14 16 17 32 38 42 43 46 59 60	-515.944670
1 2 14 16 20 23 24 29 40 51 57 60	-516.005710
1 2 14 16 23 26 29 40 45 50 51 57	-515.982180
1 2 14 16 23 27 35 39 40 50 51 54	-515.899780
1 2 4 16 17 19 22 23 24 50 51 54	-515.944330
1 2 4 16 17 19 22 23 43 49 50 51	-515.875890
1 2 4 16 17 19 22 23 43 50 51 59	-515.886020
1 2 4 16 17 19 22 35 44 46 48 60	-515.827070
1 2 4 16 17 19 22 43 44 48 58 60	-515.818750
1 2 4 16 17 20 22 23 35 52 53 54	-515.898270
1 2 4 16 17 20 22 23 43 53 58 59	-515.954570
1 2 4 16 17 23 24 38 42 50 51 54	-515.860490
1 2 4 16 17 23 38 42 43 50 51 59	-515.908030
1 2 8 16 17 20 22 35 44 46 54 60	-515.982340
1 2 8 16 17 20 22 43 44 47 58 59	-515.964350
1 2 8 16 17 20 23 35 42 46 48 60	-515.865300
1 2 8 16 17 20 23 42 43 46 59 60	-515.855980
1 2 8 16 17 20 23 42 43 47 58 59	-515.929550
1 2 8 16 17 20 24 42 44 46 59 60	-515.938420
1 2 8 16 17 20 31 32 43 49 55 58	-516.125290
1 2 8 16 17 20 31 34 43 46 47 57	-515.970350
1 2 8 16 17 20 31 34 43 49 51 53	-515.889160
1 2 8 16 17 20 31 36 44 52 57 60	-516.104460
1 2 8 16 17 20 31 43 44 49 50 58	-515.953730
1 2 8 16 17 20 31 43 44 49 52 60	-516.003430
1 2 8 16 17 20 32 33 35 46 47 48	-515.959120
1 2 8 16 17 20 32 33 43 47 48 58	-515.850240
1 2 8 16 17 20 32 42 43 50 58 59	-515.947210
1 2 8 16 17 20 34 35 40 46 48 55	-515.801750
1 2 8 16 17 20 34 36 42 46 47 59	-515.778730
1 2 8 16 17 20 34 42 43 47 51 59	-515.806030
1 2 8 16 17 20 35 42 44 46 57 60	-515.989840
1 2 8 16 17 20 36 42 44 46 48 60	-515.808390
1 2 8 16 17 20 36 42 44 52 59 60	-515.889080
1 2 8 16 17 20 40 43 44 48 55 58	-515.831380
1 2 8 16 17 22 36 38 41 48 55 56	-515.651640
1 2 8 16 17 22 35 38 41 48 53 56	-515.802080
1 2 8 16 17 24 26 31 32 46 57 60	-515.968390
1 2 8 16 17 24 26 31 32 50 52 54	-515.931930
1 2 8 16 17 24 26 32 42 46 50 59	-515.921950
1 2 8 16 17 26 31 32 43 48 50 58	-515.977880
1 2 8 16 17 26 31 43 44 48 53 58	-515.965840
1 2 8 16 17 26 31 43 44 49 52 53	-515.984360
1 2 8 16 17 26 32 33 35 46 47 48	-515.992150
1 2 8 16 17 26 32 33 43 47 48 58	-515.888700
1 2 8 16 17 26 42 43 44 49 50 58	-516.012790
1 2 8 16 17 26 42 43 44 50 52 59	-515.841980
1 2 8 16 17 27 34 35 40 46 48 55	-515.961800
1 2 8 16 17 31 38 43 44 49 55 58	-516.117220
1 2 8 16 17 34 35 38 42 46 59 60	-516.025670
1 2 8 16 20 21 23 24 40 51 55 57	-515.846570
1 2 8 16 20 23 39 40 43 51 55 57	-515.877910
1 2 8 16 22 24 26 29 44 49 50 58	-515.920600
1 2 8 16 23 31 38 39 43 51 57 60	-516.024180
1 2 8 16 24 26 29 31 32 46 49 50	-515.855560
1 2 8 16 26 31 32 39 43 46 49 50	-515.889060
1 2 8 16 26 31 39 43 44 50 52 59	-515.862170
1 2 8 17 22 26 36 37 44 48 55 58	-515.777260
1 2 8 17 26 31 36 37 44 48 52 60	-515.989250
1 2 8 17 26 31 36 37 44 48 58 60	-515.960810
1 2 11 16 20 23 35 39 42 46 50 59	-516.008210
1 2 11 16 20 23 35 39 42 46 57 60	-515.976770
1 2 11 16 20 23 39 42 43 47 51 59	-515.927690
1 2 11 16 20 23 39 42 43 50 51 57	-515.970810
1 2 11 16 20 32 39 42 43 50 51 59	-515.978980
1 2 14 16 17 20 24 32 42 50 51 54	-515.868220
1 2 14 16 17 20 24 42 44 46 54 60	-515.872720
1 2 14 16 17 24 26 32 42 46 50 54	-515.936540
1 2 14 16 17 24 26 42 44 48 58 60	-515.937600
1 2 14 16 17 24 27 34 42 46 54 60	-515.946290
1 2 14 16 23 24 27 39 42 51 57 60	-515.976940
1 2 14 16 23 26 29 42 43 50 51 59	-515.880740
1 2 14 16 24 26 29 32 40 46 57 60	-515.877610
1 2 4 16 17 20 22 34 36 46 47 48	-515.869660
1 2 4 16 17 20 22 34 36 47 56 59	-515.955710
1 2 4 16 17 20 22 34 43 47 51 57	-515.827040
1 2 4 16 17 20 22 34 43 49 50 51	-515.915220
1 2 4 16 17 20 22 34 43 50 51 59	-515.922060
1 2 4 16 17 20 22 35 44 46 48 53	-515.868780
1 2 4 16 17 20 22 36 44 46 59 60	-515.942970
1 2 4 16 17 20 22 36 44 52 54 60	-515.980420
1 2 4 16 17 20 22 36 44 53 56 59	-515.942440
1 2 4 16 17 20 31 32 35 46 47 54	-515.950230
1 2 4 16 17 20 31 32 35 46 47 57	-516.007270
1 2 4 16 17 20 31 32 35 46 47 59	-516.057630
1 2 8 16 20 24 29 31 44 46 49 53	-516.001010
1 2 4 16 17 20 31 34 43 47 48 51	-515.902790
1 2 4 16 17 20 31 34 43 47 51 57	-515.940310
1 2 4 16 17 22 24 27 34 51 53 54	-515.950380
1 2 4 16 17 22 27 34 43 49 51 53	-515.978800
1 2 4 16 17 24 33 38 44 48 58 60	-515.953220
1 2 4 16 17 24 38 42 44 54 55 58	-515.982040
1 2 4 16 17 33 36 38 41 48 53 56	-515.776770
1 2 4 16 17 33 36 38 41 48 55 56	-515.818350
1 2 4 16 17 33 36 38 44 46 48 60	-515.978810
1 2 4 16 17 33 38 43 44 48 55 58	-515.979760
1 2 8 16 17 26 32 33 43 48 50 58	-515.921740
1 2 8 16 17 20 22 24 44 49 52 53	-515.926700
1 2 8 16 17 20 22 24 44 49 53 58	-515.951100
1 2 8 16 17 20 31 32 35 46 48 55	-515.982450
1 2 8 16 17 20 31 32 43 48 55 58	-516.077300
1 2 8 16 17 20 31 36 44 46 57 60	-516.087260
1 2 8 16 17 22 23 26 35 50 52 54	-516.012470
1 2 8 16 17 22 24 26 41 54 55 56	-515.782180
1 2 8 16 17 22 24 26 44 50 54 58	-515.987990
1 2 8 16 17 22 26 32 36 50 56 59	-515.944650
1 2 8 16 17 22 26 35 44 46 48 50	-515.978350
1 2 8 16 17 22 26 35 44 46 49 50	-515.951860
1 2 8 16 17 22 26 35 44 46 50 54	-516.001190
1 2 8 16 17 22 26 41 43 53 56 59	-515.767970
1 2 8 16 17 22 26 43 44 46 57 60	-515.821760
1 2 8 16 17 22 35 38 41 48 55 56	-515.794960
1 2 8 16 17 24 26 33 44 48 58 60	-515.903550
1 2 8 16 17 27 35 42 44 46 59 60	-516.157850
1 2 8 16 20 21 24 31 32 49 53 58	-515.924630
1 2 8 16 20 29 31 36 44 46 57 60	-515.973500
1 2 8 16 20 29 31 36 44 52 57 60	-515.984340
1 2 8 16 20 29 31 43 44 48 58 60	-516.001200
1 2 8 16 20 31 39 43 44 46 49 60	-515.984750
1 2 8 16 20 35 39 40 44 46 54 60	-515.946760
1 2 8 16 23 26 39 40 43 46 50 57	-515.993550
1 2 8 17 18 22 23 26 36 50 52 54	-515.964970
1 2 8 17 18 22 23 26 36 50 56 59	-515.943760
1 2 8 17 18 22 23 26 43 50 56 59	-515.980810
1 2 8 17 18 22 23 26 45 50 56 59	-515.895090
1 2 8 17 18 22 26 32 35 46 50 59	-516.081260
1 2 8 17 18 26 31 32 35 46 47 48	-516.092440
1 2 8 18 23 26 39 40 43 50 56 59	-516.007590
1 2 14 16 17 23 26 35 42 46 59 60	-516.036200
1 2 14 16 20 23 24 29 42 50 51 59	-515.924780
1 2 14 16 24 27 32 39 40 46 57 60	-515.894250
1 2 14 16 24 29 38 42 44 52 54 60	-515.944610
1 2 4 16 17 20 22 23 45 49 51 53	-515.865040
1 2 4 16 17 20 22 34 35 47 52 54	-515.822220
1 2 4 16 17 20 31 32 43 47 58 59	-516.011540
1 2 4 16 17 20 31 34 35 47 52 54	-515.792880
1 2 4 16 17 20 33 41 43 47 48 56	-515.824110
1 2 4 16 17 20 33 41 43 47 48 58	-515.886720
1 2 4 16 17 20 33 43 44 48 50 58	-515.930210
1 2 4 16 17 22 26 32 43 46 50 59	-515.983800
1 2 4 16 17 22 26 32 43 49 50 58	-516.087510
1 2 4 16 17 22 26 43 44 49 53 58	-515.978340
1 2 4 16 17 26 33 43 44 48 50 58	-515.938970
1 2 4 16 17 32 36 38 42 46 48 55	-515.883160
1 2 8 16 17 20 23 24 31 46 48 60	-515.942450
1 2 8 16 17 20 23 24 31 47 48 51	-516.001880
1 2 8 16 17 20 23 24 31 47 52 54	-515.923570
1 2 8 16 17 20 23 24 31 48 52 60	-515.943780
1 2 8 16 17 20 23 24 31 52 54 60	-515.964680
1 2 8 16 17 20 24 31 32 46 47 48	-515.951030
1 2 8 16 17 20 24 31 32 46 47 54	-515.838660
1 2 8 16 17 20 24 31 32 47 52 54	-515.938610
1 2 8 16 17 20 24 31 32 47 54 58	-515.919510
1 2 8 16 17 20 31 32 36 46 47 59	-515.989580
1 2 8 16 17 20 31 32 36 47 48 58	-516.043470
1 2 8 16 17 20 31 34 45 47 51 57	-516.097880
1 2 8 17 22 26 37 44 45 49 55 58	-515.783300
1 2 8 16 17 20 31 41 43 47 48 58	-515.926880
1 2 8 16 17 22 23 26 43 49 50 58	-516.029410
1 2 8 16 17 22 26 32 43 48 50 58	-516.017280
1 2 8 16 17 22 26 35 44 54 55 58	-515.969660
1 2 8 16 17 24 33 38 44 48 58 60	-515.888500
1 2 8 16 17 26 31 35 44 46 49 53	-515.904740
1 2 8 16 17 26 31 44 45 46 57 60	-516.119230
1 2 8 16 17 26 32 33 35 46 48 60	-515.932460
1 2 8 16 17 26 32 35 40 46 55 57	-516.032150
1 2 8 16 17 31 38 43 44 48 55 58	-516.096920
1 2 8 16 17 34 35 38 40 46 48 55	-515.936590
1 2 8 16 17 34 35 38 42 46 48 55	-515.931700
1 2 8 16 17 35 38 41 42 46 54 55	-515.961140
1 2 8 16 17 35 38 41 42 46 54 60	-515.957380
1 2 8 16 17 38 40 41 43 48 55 58	-515.810590
1 2 8 16 20 23 39 42 43 50 51 59	-515.913140
1 2 8 16 20 24 29 31 32 46 47 49	-515.804580
1 2 8 16 20 24 29 31 32 46 57 60	-515.912610
1 2 8 16 20 24 29 31 44 46 49 60	-515.984810
1 2 8 16 20 24 31 39 44 49 52 53	-516.069500
1 2 8 16 21 24 31 38 44 46 57 60	-516.112600
1 2 8 16 21 24 31 38 44 52 57 60	-516.104070
1 2 8 16 21 24 38 40 41 48 55 56	-515.743300
1 2 8 16 23 24 27 39 40 51 53 54	-516.057130
1 2 8 16 23 26 31 39 43 50 58 59	-516.050300
1 2 8 16 23 26 35 39 40 50 52 54	-515.986630
1 2 8 16 26 31 35 39 44 52 57 60	-516.034070
1 2 8 16 26 35 39 40 44 46 50 54	-515.929630
1 2 8 16 26 35 39 40 44 46 59 60	-515.976840
1 2 8 16 31 32 38 39 43 49 50 51	-515.923110
1 2 8 16 31 32 38 39 43 51 57 60	-515.972920
1 2 8 16 31 38 39 41 43 49 58 60	-515.866820
1 2 8 17 18 23 26 31 35 47 48 56	-515.878940
1 2 8 18 23 26 31 35 39 47 56 59	-515.912260
1 2 8 18 26 32 35 39 40 46 50 59	-515.952740
1 2 11 16 20 23 24 33 39 46 57 60	-516.038840
1 2 11 16 20 23 39 40 43 51 57 60	-516.005360
1 2 11 16 20 23 39 42 43 47 58 59	-516.001270
1 2 11 16 20 34 39 42 43 47 56 59	-515.924520
1 2 11 16 20 35 39 40 44 46 57 60	-516.055780
1 2 11 16 26 32 35 39 40 46 50 59	-516.009230
1 2 11 16 32 33 35 38 39 46 57 60	-515.889200
1 2 11 16 32 38 39 42 43 50 51 59	-515.950900
1 2 8 16 35 38 39 40 44 46 57 60	-516.065250
1 2 14 16 17 20 24 34 42 47 58 59	-515.952670
1 2 14 16 17 20 24 42 44 48 58 60	-515.863590
1 2 4 16 17 20 33 43 44 49 58 60	-516.034740
1 2 8 16 17 20 22 23 35 46 48 55	-515.806920
1 2 8 16 17 20 22 23 35 46 48 60	-515.877060
1 2 8 16 17 20 22 23 35 46 53 54	-515.926800
1 2 8 16 17 20 22 23 35 46 54 55	-515.838820
1 2 8 16 17 20 22 23 36 53 56 59	-515.786290
1 2 8 16 17 20 22 24 44 53 54 58	-515.888340
1 2 8 16 17 20 22 32 35 46 49 53	-515.899680
1 2 8 16 17 20 22 36 44 46 48 60	-515.758910
1 2 8 16 17 22 23 26 43 46 50 59	-515.917990
1 2 8 16 17 22 24 26 32 46 50 54	-515.927070
1 2 8 16 17 22 24 26 32 46 50 57	-515.814610
1 2 8 16 17 22 24 26 32 46 57 60	-515.734240
1 2 8 16 17 22 26 36 44 50 52 59	-515.840300
1 2 8 16 17 22 26 36 44 52 53 54	-515.918900
1 2 8 16 17 22 26 43 44 48 53 58	-515.922980
1 2 8 16 17 22 35 38 41 53 54 56	-515.869760
1 2 8 16 17 22 35 38 41 54 55 56	-515.848700
1 2 8 16 17 22 36 38 41 53 56 59	-515.726760
1 2 8 16 17 23 24 26 31 48 50 51	-515.875100
1 2 8 16 17 23 24 26 31 49 50 51	-515.976930
1 2 8 16 17 23 24 26 42 50 51 59	-515.840370
1 2 8 16 17 24 26 31 32 46 47 48	-515.987910
1 2 8 16 17 24 26 31 32 46 47 54	-515.862980
1 2 8 16 17 24 26 31 32 47 52 54	-515.940660
1 2 8 16 17 24 26 31 32 48 50 51	-515.868830
1 2 8 16 17 24 26 31 32 49 50 51	-515.987110
1 2 8 16 17 24 26 32 42 50 51 59	-515.865820
1 2 8 16 17 24 26 33 44 48 50 58	-515.801050
1 2 8 16 17 26 31 35 44 46 48 55	-515.915880
1 2 8 16 17 26 31 35 44 52 54 60	-515.978490
1 2 8 16 17 26 35 40 41 48 55 56	-515.802510
1 2 8 16 17 26 35 40 44 46 54 55	-515.960100
1 2 8 16 17 26 35 42 44 52 54 60	-515.947810
1 2 8 16 17 26 36 42 44 46 50 59	-515.915490
1 2 8 16 17 35 38 42 44 52 54 60	-516.055150
1 2 8 16 17 38 42 43 44 46 59 60	-515.986280
1 2 8 16 20 21 24 31 32 49 55 58	-516.047410
1 2 8 16 20 29 31 44 45 46 57 60	-516.095530
1 2 8 16 21 24 31 38 44 48 58 60	-516.047640
1 2 8 16 23 26 31 39 43 49 50 58	-516.018800
1 2 8 16 23 26 39 40 43 46 50 59	-515.999400
1 2 8 16 24 26 29 31 32 46 47 49	-515.832720
1 2 8 16 26 31 32 39 43 46 47 49	-515.980800
1 2 8 16 26 31 39 43 44 46 59 60	-515.943200
1 2 8 16 26 31 39 43 44 49 52 60	-515.961570
1 2 8 16 26 31 39 43 44 53 58 59	-516.011810
1 2 8 16 35 38 39 40 41 46 54 55	-515.896710
1 2 8 16 35 38 39 40 41 46 55 57	-515.907380
1 2 8 18 23 26 31 35 39 46 50 59	-515.838700
1 2 8 18 23 26 35 39 40 46 50 57	-515.961890
1 6 15 19 22 23 28 39 43 50 51 59	-515.892770
1 2 11 16 20 23 31 35 39 46 57 60	-515.905710
1 2 11 16 20 23 31 39 43 47 51 57	-515.846690
1 2 11 16 20 23 31 39 43 49 50 51	-515.896990
1 2 11 16 20 23 39 42 43 46 59 60	-515.847900
1 2 11 16 20 32 39 42 43 46 47 59	-515.825440
1 2 14 16 17 20 34 35 42 46 47 54	-515.865030
1 2 14 16 17 23 24 26 42 50 51 57	-515.910830
1 2 14 16 17 24 26 32 42 46 54 55	-515.864600
1 2 14 16 17 24 26 32 42 50 51 57	-515.948480
1 2 14 16 17 24 26 42 44 46 57 60	-515.949130
1 2 14 16 17 24 26 42 44 52 54 55	-515.947930
1 2 14 16 17 24 26 42 44 52 57 60	-515.943340
1 2 14 16 23 24 26 29 31 46 57 60	-515.908080
1 2 14 16 23 26 35 39 40 50 51 57	-515.966990
1 2 14 16 24 26 29 32 40 50 52 57	-515.905900
1 2 4 16 17 19 22 24 34 46 54 55	-515.887240
1 2 4 16 17 19 22 24 34 51 53 54	-515.863670
1 2 4 16 17 20 22 34 35 46 49 53	-515.849000
1 2 4 16 17 20 31 43 44 48 53 58	-515.926000
1 2 4 16 17 20 31 43 44 49 52 53	-515.943670
1 2 4 16 17 26 31 32 43 47 48 58	-516.015050
1 2 4 16 17 26 31 35 44 46 48 60	-515.988350
1 2 4 16 17 26 32 33 35 46 48 50	-515.958890
1 2 4 16 17 38 42 43 44 49 58 60	-515.979440
1 2 8 16 17 20 31 34 43 49 50 51	-515.890220
1 2 8 16 17 20 33 43 44 47 48 58	-515.832380
1 2 8 16 17 20 34 42 43 50 51 59	-515.839800
1 2 8 16 17 22 26 32 36 48 55 58	-515.796000
1 2 8 16 17 22 26 36 44 48 55 58	-515.803070
1 2 8 16 17 23 24 26 42 50 52 54	-515.910380
1 2 8 16 17 23 26 31 43 50 51 59	-515.936250
1 2 8 16 17 24 26 31 44 46 48 60	-516.021720
1 2 8 16 17 24 26 31 44 49 50 52	-515.962650
1 2 8 16 17 24 32 38 42 46 54 55	-515.828990
1 2 8 16 17 24 32 38 42 50 52 54	-515.903350
1 2 8 16 17 26 31 32 36 46 47 59	-516.007560
1 2 8 16 17 26 31 32 36 47 48 58	-516.067010
1 2 8 16 17 26 31 32 43 50 51 59	-515.925980
1 2 8 16 17 26 32 35 42 46 50 54	-515.980850
1 2 8 16 17 26 33 43 44 47 48 58	-515.869920
1 2 8 16 17 32 35 38 42 46 54 60	-515.941020
1 2 8 16 17 32 36 38 42 46 50 59	-515.924970
1 2 8 16 17 32 36 38 42 46 59 60	-515.922860
1 2 8 16 20 21 23 24 40 50 51 54	-515.913730
1 2 8 16 20 21 23 24 40 50 51 57	-515.924560
1 2 8 16 20 21 31 36 44 48 52 60	-515.923370
1 2 8 16 21 24 26 31 32 46 49 50	-515.831310
1 2 8 16 21 24 26 31 44 52 54 60	-515.884460
1 2 8 16 21 24 38 40 41 52 54 55	-515.762660
1 2 8 16 21 26 31 35 44 46 48 60	-515.899600
1 2 8 16 23 24 26 29 31 49 50 52	-515.916440
1 2 8 16 23 26 29 31 43 49 50 51	-515.940630
1 2 8 16 23 26 39 42 43 50 51 59	-515.852830
1 2 8 16 24 29 31 32 38 46 57 60	-515.918420
1 2 8 16 26 29 31 32 43 47 49 58	-515.938100
1 2 8 16 26 29 31 32 43 49 50 51	-515.950470
1 2 8 16 26 31 32 35 39 46 50 57	-515.979880
1 2 8 16 26 32 35 39 40 46 57 60	-515.923530
1 2 8 16 26 32 35 39 42 46 50 59	-516.011190
1 2 8 16 26 32 39 42 43 50 51 59	-515.843750
1 2 8 16 32 35 38 39 40 46 57 60	-515.923520
1 2 8 21 23 24 26 28 31 49 50 52	-515.760200
1 2 14 16 17 20 23 24 42 50 52 54	-515.835850
1 2 14 16 17 20 23 24 42 52 54 60	-515.830950
1 2 14 16 17 36 38 42 44 52 54 60	-516.017250
1 2 14 16 20 23 24 29 40 50 51 57	-515.961810
1 2 14 16 20 23 24 29 42 52 57 60	-515.949370
1 2 14 16 20 23 29 42 43 49 50 51	-515.946620
1 2 14 16 20 23 39 40 43 50 51 57	-515.900320
1 2 14 16 20 23 39 40 43 50 51 59	-515.908940
1 2 14 16 23 24 26 29 42 50 52 54	-515.926730
1 2 14 16 23 26 39 40 45 50 51 57	-515.958570
1 2 14 16 23 27 39 40 45 51 57 60	-515.961100
1 2 4 16 17 20 22 32 45 46 47 57	-515.757370
1 2 4 16 17 20 22 34 43 46 47 57	-515.794800
1 2 4 16 17 20 22 34 45 47 51 57	-515.765670
1 2 4 16 17 20 22 35 41 47 56 59	-515.954720
1 2 4 16 17 20 31 34 43 46 47 57	-515.922650
1 2 4 16 17 20 31 34 45 47 51 57	-515.924740
1 2 4 16 17 20 31 35 44 46 49 53	-515.842040
1 2 4 16 17 20 31 43 44 46 57 60	-515.974690
1 2 4 16 17 20 31 43 44 47 58 59	-515.972810
1 2 4 16 17 22 26 36 44 50 52 54	-516.060270
1 2 4 16 17 26 31 32 35 46 47 48	-516.087550
1 2 4 16 17 26 31 43 44 48 58 60	-516.053990
1 2 4 16 17 33 36 38 41 46 48 60	-515.838410
1 2 4 16 17 33 38 41 43 48 53 58	-515.844300
1 2 4 16 17 35 38 41 42 46 54 60	-515.898880
1 2 4 16 17 38 42 43 44 48 55 58	-515.916260
1 2 8 16 17 20 22 24 44 53 56 59	-515.846430
1 2 8 16 17 20 22 35 44 46 53 54	-515.887240
1 2 8 16 17 20 22 43 44 53 56 59	-515.872090
1 2 8 16 17 20 23 24 31 51 54 60	-515.865580
1 2 8 16 17 20 23 24 40 50 51 54	-515.881770
1 2 8 16 17 20 23 24 42 51 57 60	-515.813380
1 2 8 16 17 20 23 33 43 49 51 53	-515.849930
1 2 8 16 17 20 23 42 43 50 56 59	-515.866880
1 2 8 16 17 20 33 43 44 49 53 58	-515.899060
1 2 8 16 17 22 24 26 32 46 55 57	-515.722020
1 2 8 16 17 22 24 26 41 52 54 55	-515.887730
1 2 8 16 17 22 26 44 45 46 57 60	-515.793870
1 2 8 16 17 22 35 38 41 46 48 55	-515.904770
1 2 8 16 17 22 35 38 41 46 54 55	-515.928950
1 2 8 16 17 23 26 33 35 46 48 50	-515.855200
1 2 8 16 17 24 26 31 32 47 54 58	-515.953250
1 2 8 16 17 24 26 31 44 52 53 54	-515.976890
1 2 8 16 17 27 33 43 44 49 53 58	-515.952540
1 2 8 16 17 31 35 38 41 46 57 60	-515.969990
1 2 8 16 17 35 38 41 42 46 48 55	-515.967690
1 2 8 16 17 35 38 41 42 46 48 60	-515.968580
1 2 8 16 20 21 24 31 41 49 52 53	-515.810920
1 2 8 16 20 21 24 31 44 46 49 60	-515.920040
1 2 8 16 20 23 24 39 40 50 51 57	-515.997900
1 2 8 16 20 24 29 31 32 49 53 58	-515.958900
1 2 8 16 21 24 31 38 44 49 58 60	-516.047950
1 2 8 16 24 26 31 39 44 52 54 60	-516.027220
1 2 8 16 26 31 39 41 43 53 56 59	-515.739620
1 2 8 17 18 20 23 35 42 47 56 59	-515.978800
1 2 8 17 20 22 36 37 44 52 53 54	-515.865520
1 2 8 17 20 22 36 37 44 53 56 59	-515.872660
1 2 8 17 20 22 37 44 45 53 56 59	-515.883980
1 2 8 17 22 26 37 43 44 48 55 58	-515.834840
1 2 8 17 22 26 37 43 44 49 55 58	-515.832880
